DATE SP500 Lo30 Med40 Hi30 Lo20 Qnt2 Qnt3 Qnt4 Hi20 Lo10 Dec02 Dec03 Dec04 Dec05 Dec06 Dec07 Dec08 Dec09 Hi10
196201 -0.028028221 -0.0498 -0.0179 0.0072 -0.0578 -0.0369 -0.0138 -0.0016 0.0156 -0.0659 -0.0296 -0.0387 -0.0313 -0.0382 0.0072 -0.0021 -0.0012 0.009 0.0216
196202 0.018739035 0.0184 0.0226 0.0235 0.0168 0.0199 0.027 0.0237 0.0154 0.0134 0.0283 0.0207 0.0176 0.0231 0.0303 0.0122 0.0318 0.0325 0.0001
196203 -0.003430585 -0.0035 -0.0036 -0.0187 0.0015 -0.0077 -0.0051 -0.0102 -0.0243 0.0014 0.0017 -0.0103 0 -0.0014 -0.0081 -0.006 -0.0131 -0.0056 -0.0415
196204 -0.059525497 -0.0663 -0.0576 -0.0625 -0.078 -0.0513 -0.0588 -0.0634 -0.0583 -0.0843 -0.0569 -0.0502 -0.0549 -0.0698 -0.0497 -0.0587 -0.0667 -0.066 -0.0509
196205 -0.083384449 -0.091 -0.0711 -0.0688 -0.1063 -0.0752 -0.061 -0.0668 -0.0759 -0.1102 -0.0936 -0.0705 -0.0896 -0.0767 -0.0483 -0.0742 -0.0616 -0.0799 -0.0722
196206 -0.078986927 -0.0904 -0.0695 -0.0673 -0.1049 -0.0743 -0.0646 -0.0619 -0.0717 -0.1109 -0.0857 -0.0717 -0.0823 -0.0758 -0.0559 -0.0605 -0.0629 -0.0728 -0.0707
196207 0.066666588 0.0807 0.0526 0.0416 0.0853 0.0648 0.0481 0.0312 0.043 0.1062 0.0526 0.0658 0.0641 0.0579 0.042 0.0243 0.0392 0.0306 0.0577
196208 0.018203665 0.0279 0.0174 0.0245 0.0285 0.0238 0.0139 0.0168 0.0254 0.0281 0.0293 0.0256 0.0226 0.0101 0.0163 0.0114 0.023 0.0157 0.0366
196209 -0.045331637 -0.0511 -0.0474 -0.0476 -0.0541 -0.0461 -0.0429 -0.0534 -0.0491 -0.0704 -0.0273 -0.0412 -0.0493 -0.0463 -0.0407 -0.0606 -0.0452 -0.0357 -0.0641
196210 0.008174872 0.0048 0.0053 -0.0015 0.0069 0.0055 0.0022 -0.0052 0.0013 0.0001 0.0176 -0.0023 0.0108 0.0038 0.0013 -0.0045 -0.0059 -0.0088 0.013
196211 0.105272587 0.1137 0.1013 0.1395 0.1147 0.0951 0.1131 0.1215 0.1491 0.1323 0.0876 0.1106 0.0848 0.0998 0.1216 0.1194 0.1239 0.1415 0.1577
196212 0.016864703 0.0144 0.0168 0.0023 0.0113 0.023 0.0193 -0.0081 0.0009 0.0097 0.0139 0.0245 0.022 0.0143 0.0225 -0.0197 0.0047 0.0072 -0.0062
196301 0.051822608 0.05 0.0447 0.0771 0.0532 0.0425 0.0399 0.0768 0.0738 0.0448 0.0665 0.0398 0.0444 0.0377 0.0413 0.0713 0.0828 0.0726 0.0751
196302 -0.026284045 -0.028 -0.018 -0.0076 -0.0329 -0.0159 -0.018 -0.0145 -0.0036 -0.0367 -0.0271 -0.0119 -0.0187 -0.02 -0.0168 -0.0148 -0.0143 -0.0016 -0.0059
196303 0.038108555 0.0336 0.0325 0.0465 0.0347 0.0265 0.0404 0.0415 0.0426 0.0252 0.0496 0.0301 0.0241 0.0349 0.0438 0.0309 0.0528 0.0423 0.043
196304 0.051224216 0.0492 0.0448 0.0559 0.0474 0.0409 0.0556 0.0453 0.0657 0.0523 0.04 0.0548 0.0314 0.0492 0.0596 0.0507 0.0397 0.0581 0.0743
196305 0.016905446 0.0231 0.0121 0.04 0.0305 -0.0007 0.0186 0.0327 0.0465 0.024 0.0406 -0.0008 -0.0006 0.0295 0.0121 0.0363 0.0288 0.0233 0.0725
196306 -0.017655267 -0.0231 -0.0147 -0.0069 -0.0299 -0.0099 -0.011 -0.023 0.0009 -0.0319 -0.0269 -0.0005 -0.0165 -0.0177 -0.007 -0.0255 -0.0203 0.0043 -0.0028
196307 -0.001009162 -0.0005 0.0036 -0.015 0 0.0019 0.0013 -0.0089 -0.0133 -0.0069 0.0088 -0.0017 0.0073 0.0049 -0.0041 -0.0013 -0.0174 -0.0045 -0.0334
196308 0.051208026 0.0538 0.0467 0.0704 0.0573 0.0428 0.0505 0.0719 0.0607 0.0595 0.0545 0.046 0.0379 0.048 0.0544 0.0616 0.0834 0.0541 0.0762
196309 -0.008689698 -0.011 -0.0163 -0.0184 -0.0157 -0.0091 -0.0119 -0.0069 -0.0294 -0.0105 -0.0223 -0.0003 -0.0226 -0.0136 -0.0093 -0.0098 -0.0038 -0.03 -0.0282
196310 0.03542535 0.038 0.013 0.0221 0.0477 0.0163 0.0077 0.0262 0.0107 0.0356 0.0633 0.0164 0.0162 0.0031 0.0147 0.0166 0.0368 0.0127 0.0062
196311 -0.007431413 -0.0031 -0.0141 0.0036 -0.013 0.0066 -0.012 -0.0134 0.0109 0.0001 -0.0293 0.0196 -0.0135 -0.0189 -0.0017 -0.0207 -0.0056 0.012 0.0082
196312 0.027584233 0.0202 0.0283 0.0159 0.0232 0.0212 0.0191 0.0215 0.0232 0.025 0.0208 0.0135 0.0335 0.0269 0.0077 0.0356 0.0064 0.018 0.0353
196401 0.029458872 0.0264 0.0268 0.0296 0.0275 0.0293 0.0185 0.0255 0.0249 0.0332 0.0202 0.0239 0.0379 0.0218 0.0136 0.0163 0.0357 0.0234 0.0285
196402 0.012331186 0.0142 0.0172 0.0443 0.0186 0.0067 0.017 0.0408 0.0435 0.0221 0.0138 0.0045 0.0102 0.0186 0.0147 0.0365 0.0454 0.0362 0.06
196403 0.017609359 0.0091 0.0311 0.0346 0.0118 0.0099 0.0421 0.0468 0.0154 0.012 0.0115 0.0032 0.0203 0.0433 0.0402 0.035 0.0593 0.012 0.0227
196404 0.008483176 0.0038 0.0095 -0.0084 -0.0004 0.0129 0.0086 -0.0117 0.0079 -0.0162 0.0207 0.0135 0.0121 0.006 0.0126 0.0045 -0.0284 0.0118 -0.0006
196405 0.014096894 0.0152 0.0117 0.0368 0.0195 0.0053 0.012 0.0346 0.0335 0.0215 0.017 0.0055 0.0051 0.0146 0.0081 0.0285 0.0411 0.0297 0.0417
196406 0.018912432 0.0167 0.0129 0.0235 0.0098 0.0271 0.0071 0.0167 0.0231 0.0063 0.0144 0.0323 0.0191 0.0057 0.0092 0.0098 0.024 0.019 0.0322
196407 0.020565623 0.019 0.0235 0.0231 0.0247 0.0104 0.0338 0.0202 0.0187 0.0218 0.0323 0.0045 0.0177 0.0218 0.0457 0.0134 0.0277 0.0141 0.0273
196408 -0.019956796 -0.0123 -0.0082 -0.0128 -0.0129 -0.0137 0.0013 -0.006 -0.0221 -0.0133 -0.0118 -0.0109 -0.0171 0.0099 -0.0071 -0.0086 -0.0032 -0.0193 -0.0273
196409 0.037378662 0.0237 0.0351 0.0512 0.0309 0.0145 0.0428 0.0431 0.0541 0.0339 0.0233 0.0048 0.0266 0.0451 0.0405 0.0382 0.0483 0.0488 0.0642
196410 0.011047669 0.0031 0.0175 0.0152 0.0042 0.0113 0.0074 0.0104 0.0333 -0.0042 0.0263 -0.0001 0.0251 0.0061 0.0087 0.0232 -0.0033 0.0292 0.0408
196411 -0.002238831 0.0048 0.0086 -0.0288 0.0101 -0.0008 0.0088 -0.0099 -0.0308 0.0055 0.0219 -0.0095 0.0096 0.0124 0.0052 0.0055 -0.0267 -0.0309 -0.0305
196412 0.006870432 0.0111 -0.0033 -0.0193 0.0081 0.0114 -0.01 -0.0131 -0.0128 0.014 -0.0066 0.0192 0.0023 0.0035 -0.0235 -0.0015 -0.0261 -0.0088 -0.0201
196501 0.035634189 0.0402 0.0305 0.0504 0.0488 0.0179 0.0382 0.0433 0.0544 0.0584 0.0246 0.0167 0.0192 0.0316 0.0451 0.0409 0.0461 0.0468 0.0686
196502 0.000913603 0.0065 0.0031 0.0114 0.0037 0.0042 0.014 0.0085 0.0093 0.0049 0.0005 0.0143 -0.0077 0.0162 0.0118 0.004 0.0136 -0.0037 0.0334
196503 -0.012124035 -0.0111 -0.0145 0.0063 -0.0121 -0.0145 -0.0114 -0.0002 0.0094 -0.0106 -0.0162 -0.0081 -0.0221 -0.0135 -0.0092 -0.0029 0.003 0.0036 0.0198
196504 0.036791984 0.038 0.0262 0.034 0.0438 0.0208 0.0298 0.0288 0.0453 0.0531 0.0193 0.022 0.0194 0.0216 0.038 0.0348 0.0219 0.0559 0.0266
196505 -0.005274237 -0.0027 -0.0001 -0.0204 -0.0072 0.0075 -0.0053 -0.0056 -0.026 -0.0081 -0.0046 0.0101 0.0042 -0.0098 -0.0008 0.0019 -0.0143 -0.0263 -0.0254
196506 -0.046143442 -0.047 -0.0523 -0.0562 -0.0471 -0.0424 -0.0617 -0.0544 -0.0718 -0.052 -0.0337 -0.0468 -0.037 -0.068 -0.0554 -0.0673 -0.0392 -0.067 -0.0806
196507 0.015929683 0.0136 0.0171 0.0416 0.0161 0.0052 0.023 0.0356 0.0504 0.0197 0.0078 0.0045 0.0056 0.0196 0.0266 0.0435 0.0226 0.0423 0.0656
196508 0.024985316 0.0303 0.0295 0.0314 0.0343 0.0186 0.0416 0.0238 0.0344 0.0363 0.0298 0.0154 0.0209 0.0434 0.0399 0.0233 0.0247 0.0303 0.0418
196509 0.034415433 0.038 0.0233 0.0368 0.039 0.0261 0.0229 0.0374 0.035 0.0385 0.0401 0.0341 0.0205 0.0286 0.017 0.0353 0.0408 0.0318 0.0406
196510 0.030346898 0.0292 0.0212 0.0583 0.0326 0.0093 0.0336 0.0473 0.0622 0.037 0.0223 0.0162 0.0043 0.0264 0.0412 0.0458 0.0497 0.0593 0.0672
196511 -0.00584303 0.0009 0.0017 0.0102 0.0004 -0.009 0.0203 0.0099 0.0126 0.0009 -0.001 0.003 -0.0176 0.0215 0.019 0.0131 0.0048 -0.0012 0.0373
196512 0.011898346 0.0093 0.0106 0.0429 0.0111 0.0021 0.0169 0.0302 0.0419 0.0098 0.0141 0.0023 0.0019 0.0043 0.0299 0.021 0.0454 0.0411 0.0432
196601 0.007356886 -0.0008 0.015 0.0498 -0.0014 0.0001 0.0255 0.0415 0.0502 -0.0004 -0.0038 0.0015 -0.0009 0.0083 0.0427 0.037 0.0487 0.0285 0.0877
196602 -0.015396252 -0.0145 -0.0053 0.0048 -0.0096 -0.0183 -0.006 -0.0013 0.0097 -0.0076 -0.0143 -0.0336 -0.0069 -0.0089 -0.0031 0.0018 -0.0061 -0.0004 0.0259
196603 -0.019293911 -0.0151 -0.0268 -0.0348 -0.0136 -0.031 -0.0159 -0.0248 -0.0377 -0.0097 -0.0229 -0.021 -0.0382 -0.0252 -0.007 -0.0226 -0.0282 -0.0207 -0.0643
196604 0.023198497 0.0251 0.0203 0.027 0.0235 0.0212 0.0192 0.0407 0.0242 0.0229 0.025 0.0315 0.0137 0.0185 0.0198 0.0452 0.0335 0.0204 0.0304
196605 -0.051504592 -0.0437 -0.0542 -0.0805 -0.0441 -0.0439 -0.056 -0.0783 -0.0808 -0.0431 -0.0468 -0.0421 -0.0453 -0.0647 -0.0478 -0.0775 -0.0798 -0.0665 -0.1038
196606 -0.013351905 -0.0193 -0.0006 -0.0014 -0.0185 -0.0124 -0.002 0.0123 -0.0038 -0.0148 -0.0277 -0.0227 -0.0047 -0.0027 -0.0012 0.0174 0.004 -0.0034 -0.0044
196607 -0.010738725 -0.0163 -0.0067 -0.0109 -0.0162 -0.0149 -0.0082 0.0008 -0.0154 -0.0217 -0.0077 -0.0164 -0.0128 -0.0011 -0.0142 0.0045 -0.0046 -0.0052 -0.024
196608 -0.075000009 -0.0777 -0.0682 -0.0803 -0.0756 -0.0865 -0.0622 -0.0702 -0.0883 -0.071 -0.0827 -0.0869 -0.086 -0.0758 -0.0507 -0.0707 -0.0693 -0.0828 -0.0931
196609 -0.004020666 -0.0102 0.001 -0.0068 -0.0131 0.0048 0.0019 -0.0043 -0.0133 -0.0269 0.0084 0.0028 0.0076 -0.0023 0.0055 -0.0084 0.0019 -0.0126 -0.014
196610 0.050940432 0.0301 0.0674 0.0419 0.0241 0.0493 0.079 0.0524 0.0377 0.0256 0.0218 0.0561 0.0396 0.0724 0.0845 0.0558 0.0475 0.0452 0.0313
196611 0.006359102 0.0385 -0.0066 0.0001 0.043 0.0212 -0.0165 -0.0016 0.0016 0.0769 -0.008 0.0195 0.0237 -0.0156 -0.0174 -0.0014 -0.002 -0.003 0.0057
196612 0.001740082 -0.0025 0.0149 0.0012 -0.0032 0.0074 0.0143 0.008 0.0034 -0.012 0.0112 0.0007 0.0169 0.0048 0.0222 0.0145 -0.0018 0.0079 -0.0004
196701 0.081165191 0.0825 0.0704 0.1341 0.0835 0.079 0.0634 0.0973 0.1472 0.0792 0.0905 0.0782 0.0802 0.0489 0.0752 0.0844 0.117 0.1372 0.156
196702 0.004156684 0.0212 -0.0012 -0.0013 0.0242 0.0069 -0.0042 -0.0001 0.0008 0.0376 0.0028 0.0083 0.005 -0.0083 -0.0009 0.0026 -0.0041 -0.006 0.0066
196703 0.042776448 0.0433 0.0397 0.0515 0.0449 0.0357 0.0368 0.052 0.0543 0.0454 0.0441 0.0365 0.0346 0.0343 0.0388 0.0548 0.0478 0.0631 0.0467
196704 0.044900196 0.0597 0.0196 0.0318 0.0679 0.0302 0.0092 0.0376 0.0241 0.0744 0.0571 0.0236 0.0393 0.0092 0.0092 0.0346 0.0421 0.0214 0.0265
196705 -0.049888398 -0.0488 -0.0334 -0.0244 -0.0517 -0.0322 -0.0355 -0.0284 -0.0261 -0.0548 -0.0463 -0.0356 -0.0275 -0.0286 -0.0408 -0.0327 -0.0221 -0.0372 -0.0166
196706 0.020206702 0.0172 0.0258 0.0522 0.0193 0.0157 0.0233 0.0438 0.0467 0.0313 -0.001 0.0078 0.0266 0.016 0.029 0.0331 0.0596 0.0474 0.0461
196707 0.047992063 0.0499 0.038 0.0806 0.0458 0.056 0.0293 0.0683 0.0828 0.0455 0.0463 0.0611 0.0471 0.012 0.0634 0.0642 0.0756 0.0957 0.0685
196708 -0.009182065 -0.0074 -0.0077 0.0099 -0.0069 -0.0091 -0.012 0.0073 0.0174 -0.0101 -0.0014 -0.0087 -0.01 -0.013 -0.01 0.0158 -0.0077 0.0224 0.0117
196709 0.035348057 0.0392 0.0291 0.0206 0.0395 0.0309 0.0329 0.0333 0.0129 0.0518 0.0188 0.0385 0.0176 0.0385 0.0224 0.03 0.0391 0.0183 0.0069
196710 -0.026367468 -0.0147 -0.0363 -0.0497 -0.0079 -0.0401 -0.0295 -0.0411 -0.0533 0.0139 -0.0458 -0.0331 -0.0528 -0.0197 -0.0487 -0.041 -0.0413 -0.0461 -0.0614
196711 0.003833931 0.011 0.0038 -0.0038 0.0154 0.0039 0.002 -0.0036 -0.003 0.0167 0.013 -0.0011 0.0132 0.0048 -0.0036 -0.0025 -0.0055 -0.0123 0.0077
196712 0.029042404 0.0249 0.0361 0.0524 0.0234 0.0337 0.0296 0.0577 0.0488 0.017 0.0353 0.0289 0.0424 0.0273 0.0345 0.056 0.0607 0.0497 0.0479
196801 -0.041256311 -0.0599 -0.0105 -0.0007 -0.0633 -0.0466 0.0015 -0.0063 -0.0072 -0.0858 -0.022 -0.0505 -0.0395 0.0003 0.0039 -0.018 0.0145 -0.0103 -0.0038
196802 -0.028512632 -0.0349 -0.0237 -0.0384 -0.0352 -0.0268 -0.0245 -0.0394 -0.0349 -0.0366 -0.0329 -0.0339 -0.014 -0.0214 -0.0306 -0.0355 -0.0462 -0.0372 -0.0323
196803 0.012197983 0.0172 -0.0075 0.0012 0.027 -0.0118 -0.0053 -0.0087 0.0079 0.0368 0.0101 -0.0097 -0.0153 -0.0013 -0.0134 -0.0054 -0.0143 0.0114 0.0039
196804 0.084700661 0.105 0.0618 0.1239 0.1133 0.0801 0.047 0.1125 0.1247 0.1225 0.097 0.0812 0.078 0.0369 0.0679 0.107 0.122 0.1126 0.139
196805 0.013730878 0.0276 0.0091 0.0616 0.0293 0.0229 0.004 0.0279 0.0634 0.04 0.01 0.0227 0.0232 -0.004 0.0201 0.0107 0.0575 0.057 0.0708
196806 0.01165377 -0.0003 0.0337 0.0021 -0.0018 0.0118 0.039 0.0261 -0.0101 -0.0118 0.0169 0.0042 0.0254 0.0344 0.048 0.023 0.0311 -0.0083 -0.0121
196807 -0.015967027 -0.0463 -0.0007 0.004 -0.0541 -0.0177 0.0056 0.0037 0.0025 -0.057 -0.0488 -0.0199 -0.0148 -0.0243 0.0254 0.0014 0.0051 0.0218 -0.016
196808 0.014016731 0.0139 0.0158 0.0274 0.0136 0.0118 0.0203 0.0183 0.0363 0.013 0.0146 0.0151 0.0078 0.0159 0.0231 0.0144 0.0207 0.0478 0.0252
196809 0.041068313 0.0364 0.0451 0.0501 0.0293 0.0564 0.0302 0.0485 0.0731 0.0182 0.0489 0.0596 0.0524 0.0352 0.0271 0.0745 0.0331 0.0699 0.0761
196810 0.009934647 -0.0062 0.0171 0.0295 -0.015 0.0181 0.0203 0.0311 0.0142 -0.031 0.0123 0.0222 0.0128 0.0248 0.0175 0.0144 0.0414 0.0042 0.0234
196811 0.050672152 0.0574 0.058 0.0564 0.0654 0.0431 0.0619 0.0546 0.0549 0.0751 0.0496 0.0327 0.0567 0.0538 0.0671 0.0498 0.0576 0.084 0.0287
196812 -0.039033035 -0.0438 -0.0308 -0.0309 -0.0468 -0.0396 -0.0301 -0.0282 -0.0227 -0.0457 -0.0486 -0.0345 -0.0461 -0.0209 -0.0359 -0.0133 -0.037 -0.0264 -0.0192
196901 -0.005680637 -0.0182 0.0003 0.0031 -0.0217 -0.0045 0.0041 -0.0038 0.0094 -0.0286 -0.0102 -0.007 -0.0014 0.0008 0.0063 -0.0071 -0.0017 -0.0071 0.0249
196902 -0.044850065 -0.0453 -0.0557 -0.0538 -0.0459 -0.0453 -0.0525 -0.0534 -0.0701 -0.044 -0.0489 -0.0435 -0.0477 -0.062 -0.0465 -0.0736 -0.0413 -0.069 -0.0711
196903 0.037093705 0.0383 0.0249 0.029 0.0414 0.0212 0.0329 0.0195 0.0426 0.0408 0.0425 0.0285 0.0118 0.0282 0.0358 0.0208 0.0188 0.07 0.0173
196904 0.02403697 0.0302 0.0052 0.0267 0.0344 0.0121 0.0078 0.023 0.0121 0.0359 0.0319 0.0169 0.0058 0.0121 0.005 -0.0022 0.0378 0.0263 -0.0017
196905 0.000289365 -0.0019 0.0071 0.0079 -0.0044 0.0026 0.0102 0.0135 -0.0023 -0.0023 -0.0079 0.0062 -0.0023 0.0132 0.0083 0.0105 0.0153 0.0035 -0.0083
196906 -0.053063991 -0.0415 -0.0819 -0.0742 -0.0314 -0.0761 -0.079 -0.074 -0.0906 -0.0165 -0.0564 -0.0746 -0.0781 -0.0661 -0.0872 -0.0942 -0.0626 -0.0979 -0.0827
196907 -0.057517198 -0.054 -0.0772 -0.0614 -0.0521 -0.0689 -0.0671 -0.0767 -0.0615 -0.0442 -0.0739 -0.0591 -0.0883 -0.0641 -0.0711 -0.0869 -0.0613 -0.0597 -0.0655
196908 0.042905461 0.0674 0.0446 0.0274 0.0738 0.0514 0.0419 0.0413 0.023 0.0727 0.0768 0.0502 0.0537 0.0315 0.0558 0.0445 0.0366 0.025 0.0183
196909 -0.022301325 -0.0056 -0.0343 -0.0455 -0.0033 -0.0206 -0.0245 -0.0489 -0.0427 -0.0035 -0.0026 -0.0121 -0.0381 -0.0116 -0.0415 -0.0474 -0.0512 -0.0437 -0.0405
196910 0.047250809 0.0667 0.0486 0.0413 0.0687 0.0596 0.0566 0.0342 0.0432 0.07 0.0651 0.061 0.0567 0.0557 0.0577 0.0321 0.0374 0.044 0.0412
196911 -0.032394005 -0.0244 -0.0396 -0.0383 -0.0195 -0.04 -0.0386 -0.0464 -0.0289 -0.0144 -0.0343 -0.0381 -0.0439 -0.0343 -0.0445 -0.0389 -0.0575 -0.0168 -0.0576
196912 -0.015669972 -0.0029 -0.0211 -0.0458 0.0022 -0.0218 -0.0206 -0.0226 -0.0526 0.0133 -0.03 -0.0175 -0.0311 -0.0192 -0.0225 -0.0167 -0.0314 -0.0536 -0.05
197001 -0.073647716 -0.0791 -0.0823 -0.0533 -0.0833 -0.0721 -0.0779 -0.0845 -0.0414 -0.0877 -0.07 -0.0666 -0.084 -0.0669 -0.0928 -0.0886 -0.0782 -0.0461 -0.03
197002 0.055751724 0.0354 0.0748 0.0787 0.0359 0.0473 0.0804 0.0706 0.0783 0.0313 0.0497 0.0339 0.0768 0.0839 0.0756 0.0646 0.0797 0.0778 0.0796
197003 0.004357426 -0.022 0.0126 0.0101 -0.0293 -0.0047 0.021 0.0072 0.0149 -0.031 -0.0245 -0.0008 -0.0128 0.0341 0.0023 0.012 -0.0002 0.0166 0.0108
197004 -0.0875823 -0.1143 -0.099 -0.0786 -0.1237 -0.1008 -0.0971 -0.078 -0.0852 -0.1178 -0.1412 -0.0877 -0.1286 -0.0945 -0.1009 -0.0872 -0.064 -0.0865 -0.0822
197005 -0.057777255 -0.082 -0.0465 -0.0457 -0.0868 -0.0697 -0.0624 -0.0202 -0.0496 -0.082 -0.1014 -0.0689 -0.0715 -0.0687 -0.0531 -0.0087 -0.0374 -0.0422 -0.0678
197006 -0.046636217 -0.0568 -0.0353 -0.0669 -0.0627 -0.0439 -0.0405 -0.0264 -0.0818 -0.0709 -0.0372 -0.0411 -0.0504 -0.0437 -0.0358 -0.0206 -0.0353 -0.0805 -0.0851
197007 0.076870227 0.0524 0.0959 0.0771 0.0472 0.0828 0.0869 0.1015 0.0726 0.0248 0.0909 0.0793 0.0849 0.0854 0.0888 0.1126 0.0813 0.0985 0.0503
197008 0.047789901 0.0423 0.054 0.0598 0.0427 0.0602 0.0454 0.0507 0.0639 0.0465 0.0358 0.04 0.0724 0.0488 0.0414 0.0478 0.0561 0.0677 0.0604
197009 0.036187473 0.0798 0.0095 0.0461 0.082 0.029 0.0207 0.0124 0.0628 0.0876 0.0717 0.0687 0.0057 0.0121 0.0311 0.0023 0.031 0.0543 0.0706
197010 -0.008312452 -0.0112 -0.0194 -0.0304 -0.0087 -0.0204 -0.0409 -0.0062 -0.0455 -0.0044 -0.0167 -0.0242 -0.0181 -0.0404 -0.0416 -0.0006 -0.0163 -0.0423 -0.0484
197011 0.050570534 0.0479 0.0543 0.0577 0.0478 0.0547 0.0496 0.0601 0.0452 0.0436 0.0557 0.0487 0.0584 0.0509 0.0482 0.0553 0.0691 0.0459 0.0446
197012 0.059747673 0.0553 0.0689 0.0634 0.0502 0.0695 0.0816 0.0586 0.0777 0.0459 0.0584 0.082 0.0619 0.0769 0.0873 0.0629 0.0508 0.0658 0.0885
197101 0.043190407 0.0512 0.0444 0.063 0.0461 0.0562 0.0492 0.0424 0.0828 0.0426 0.0527 0.0768 0.0434 0.0535 0.0441 0.0409 0.045 0.0902 0.0762
197102 0.011681378 0.0255 0.0055 0.0203 0.0264 0.0125 0.0094 0.0093 0.0152 0.0248 0.0291 0.021 0.0071 0.0166 0.0009 0.0007 0.0251 0.0113 0.0187
197103 0.03937982 0.0616 0.0322 0.0243 0.0625 0.0408 0.0481 0.0186 0.0312 0.0685 0.0516 0.057 0.0304 0.051 0.0447 0.019 0.0179 0.0325 0.0301
197104 0.038879468 0.0394 0.027 0.0488 0.036 0.0497 0.0137 0.0275 0.0674 0.0305 0.0461 0.0566 0.0451 0.0197 0.0063 0.0253 0.0313 0.054 0.0794
197105 -0.039057311 -0.0285 -0.0433 -0.0464 -0.0259 -0.0411 -0.0431 -0.0475 -0.0408 -0.0297 -0.019 -0.0408 -0.0413 -0.0418 -0.0447 -0.0451 -0.0519 -0.0398 -0.0416
197106 0.003312329 0.0111 -0.0024 -0.0043 0.0116 -0.0041 -0.0003 0.0058 -0.0179 0.0145 0.0062 0.0088 -0.0128 -0.0041 0.0045 0.0041 0.0087 -0.0293 -0.0071
197107 -0.038716254 -0.0431 -0.0359 -0.0513 -0.0417 -0.0417 -0.0361 -0.0384 -0.0598 -0.0494 -0.0304 -0.0508 -0.0324 -0.0275 -0.0452 -0.0383 -0.0387 -0.0526 -0.0671
197108 0.038815785 0.0549 0.014 0.0809 0.0552 0.0469 -0.0035 0.0279 0.1074 0.0474 0.0665 0.053 0.041 -0.0024 -0.0047 0.0221 0.0425 0.0915 0.1237
197109 -0.004342143 0.0041 -0.0118 -0.0242 0.0053 -0.0088 -0.0111 -0.0123 -0.0289 0.0098 -0.0012 -0.0026 -0.015 -0.0021 -0.0208 -0.0104 -0.0171 -0.0165 -0.0413
197110 -0.039149896 -0.0396 -0.0356 -0.0493 -0.0369 -0.0499 -0.0345 -0.0341 -0.0524 -0.0308 -0.0455 -0.0545 -0.0452 -0.0347 -0.0343 -0.0299 -0.0445 -0.0423 -0.0627
197111 0.000212188 0.0072 -0.0056 -0.0195 0.0086 -0.0006 -0.0072 -0.0084 -0.0241 0.0115 0.0042 -0.0004 -0.0008 -0.0104 -0.0037 -0.0068 -0.0125 -0.0179 -0.0307
197112 0.088945707 0.0921 0.0868 0.1022 0.0906 0.0974 0.0918 0.0778 0.11 0.0982 0.0793 0.1007 0.094 0.0847 0.0996 0.073 0.0902 0.1069 0.1134
197201 0.020569996 0.0295 0.0092 0.0653 0.0307 0.0171 0.0043 0.0213 0.0847 0.0426 0.0128 0.023 0.011 0.0075 0.0008 0.0159 0.0353 0.0759 0.0941
197202 0.027708344 0.045 0.0121 0.0149 0.0476 0.0251 0.0136 0.0082 0.0115 0.0513 0.0419 0.0299 0.0201 0.0097 0.0178 0.0033 0.0204 0.0051 0.0182
197203 0.00825753 0.0218 -0.0122 0.0046 0.0243 0.0077 -0.0216 -0.0108 0.0101 0.0209 0.0294 0.0073 0.008 -0.0161 -0.0275 -0.0134 -0.0043 0.0136 0.0064
197204 0.006809713 0.0071 0.0021 0.0094 0.0075 0.008 -0.0017 0.0047 0.0065 0.0096 0.0041 0.005 0.011 -0.0027 -0.0006 0.0008 0.0142 0.0119 0.0009
197205 0.019689799 0.0278 0.0066 -0.017 0.0321 -0.0094 0.0184 0.0033 -0.0186 0.042 0.0169 0.002 -0.0212 0.0113 0.0261 0.0107 -0.0145 -0.0132 -0.0243
197206 -0.019446722 -0.0112 -0.0277 -0.0549 -0.0101 -0.0281 -0.0272 -0.0281 -0.0586 -0.0002 -0.0258 -0.0184 -0.0384 -0.0302 -0.024 -0.0196 -0.0491 -0.0586 -0.0585
197207 0.004760127 0.0032 -0.0135 -0.0124 0.0086 -0.0202 -0.0086 -0.0115 -0.0207 0.0173 -0.0149 -0.0202 -0.0202 -0.015 -0.0037 -0.0176 -0.0077 -0.0204 -0.0211
197208 0.036874914 0.0133 0.0653 0.0663 0.0058 0.0512 0.0595 0.0773 0.0555 0 0.0222 0.0469 0.0582 0.0552 0.0627 0.0854 0.0723 0.0607 0.0497
197209 -0.002520556 -0.0058 -0.0125 -0.0027 -0.0011 -0.0218 -0.0154 0.0086 -0.0371 0.0048 -0.0174 -0.0259 -0.0151 -0.0177 -0.0136 -0.0035 0.0162 -0.035 -0.0395
197210 0.011849832 0.0038 0.02 0.0127 0.0057 0.0053 0.0178 0.021 -0.0004 0.0051 0.0076 -0.0048 0.0214 0.0019 0.0299 0.0232 0.0196 0.0067 -0.0084
197211 0.048127014 0.0298 0.0644 0.0926 0.0206 0.0649 0.0677 0.0768 0.1099 0.0114 0.0465 0.0707 0.056 0.0727 0.064 0.0655 0.0838 0.0959 0.1256
197212 0.014228076 0.0251 -0.0079 -0.008 0.0329 -0.0051 -0.0076 -0.0043 -0.029 0.0362 0.0238 -0.0083 0 -0.0198 0.0014 -0.0161 0.0029 -0.0269 -0.0312
197301 -0.014908845 -0.028 -0.0248 -0.0171 -0.0227 -0.0485 -0.0269 -0.0034 -0.0419 -0.0111 -0.0547 -0.0513 -0.0441 -0.0581 -0.0042 -0.0012 -0.0046 -0.0394 -0.0445
197302 -0.035249557 -0.0326 -0.052 -0.0499 -0.0302 -0.0451 -0.0526 -0.055 -0.0395 -0.0232 -0.0502 -0.0436 -0.0474 -0.0552 -0.0508 -0.0551 -0.055 -0.0417 -0.0371
197303 0.000895383 -0.0141 0.0019 0.0093 -0.0123 -0.0185 0.0049 0.0099 0.0067 -0.0125 -0.0118 -0.0226 -0.0122 -0.0161 0.0193 0.0089 0.0105 -0.0082 0.0231
197304 -0.038289128 -0.0626 -0.0283 -0.0184 -0.065 -0.0467 -0.0267 -0.0133 -0.0385 -0.064 -0.068 -0.0514 -0.0394 -0.0452 -0.0144 -0.0213 -0.0085 -0.0317 -0.0459
197305 -0.016266143 -0.0119 -0.0256 -0.0379 -0.0064 -0.0307 -0.019 -0.0332 -0.0612 0.0009 -0.0281 -0.0373 -0.0207 -0.0225 -0.0167 -0.0442 -0.0268 -0.0577 -0.065
197306 -0.003906646 -0.0103 -0.0059 -0.0107 -0.0084 -0.0116 -0.0041 -0.0082 -0.0252 -0.0027 -0.0261 -0.0193 -0.0001 -0.0214 0.0069 -0.0154 -0.004 -0.0232 -0.0274
197307 0.040667482 0.0695 0.0286 0.0588 0.0697 0.0713 0.0169 0.0278 0.0691 0.0572 0.1075 0.0686 0.0755 0.0213 0.0105 0.016 0.048 0.0707 0.067
197308 -0.034097084 -0.0341 -0.0313 -0.0157 -0.0353 -0.0263 -0.0362 -0.0276 -0.0064 -0.0373 -0.0294 -0.0287 -0.0227 -0.0332 -0.0405 -0.0287 -0.0257 -0.0085 -0.0036
197309 0.042781704 0.0269 0.0912 0.089 0.0144 0.0892 0.0921 0.0868 0.091 -0.0075 0.0771 0.0855 0.0948 0.0872 0.0991 0.0868 0.0867 0.0869 0.0966
197310 0.001660063 -0.004 -0.0017 0.0009 -0.0016 -0.0057 0.0048 -0.0219 0.0216 0 -0.0059 -0.0144 0.0075 0.0085 -0.0006 -0.0218 -0.0219 0.0053 0.0436
197311 -0.110905925 -0.1307 -0.1073 -0.1199 -0.1237 -0.1464 -0.1206 -0.0847 -0.125 -0.1167 -0.1424 -0.1617 -0.1237 -0.1116 -0.1337 -0.0671 -0.114 -0.1399 -0.1055
197312 0.01990409 -0.0146 0.0477 0.0441 -0.0195 0.009 0.0628 0.0384 0.0661 -0.0257 -0.0027 0.0086 0.0095 0.0562 0.0726 0.0493 0.0192 0.0525 0.0831
197401 -0.007175765 -0.0065 -0.0018 0.0624 -0.0148 0.0196 -0.0081 0.0302 0.0533 -0.0158 -0.0119 0.0314 0.0029 -0.0179 0.0063 0.0064 0.0732 0.0506 0.0567
197402 -0.000724926 -0.0102 0.0122 0.0208 -0.0141 0.0131 -0.0028 0.0233 0.0334 -0.017 -0.0066 0.0074 0.0213 -0.0034 -0.002 0.0335 0.006 0.038 0.0279
197403 -0.020369887 -0.0169 -0.0327 -0.0219 -0.0159 -0.0302 -0.026 -0.0296 -0.0267 -0.016 -0.0157 -0.0212 -0.0428 -0.0272 -0.0241 -0.0374 -0.0161 -0.0258 -0.0277
197404 -0.035858676 -0.0374 -0.0589 -0.0416 -0.0359 -0.0516 -0.0514 -0.0605 -0.0393 -0.0304 -0.0502 -0.0442 -0.0623 -0.051 -0.052 -0.07 -0.0443 -0.0601 -0.0137
197405 -0.030229198 -0.0187 -0.0536 -0.0628 -0.0123 -0.0528 -0.0577 -0.0426 -0.0761 -0.004 -0.0348 -0.0469 -0.0615 -0.0517 -0.0663 -0.04 -0.0469 -0.0733 -0.0795
197406 -0.011228218 -0.0211 -0.0179 -0.0223 -0.017 -0.0286 -0.0207 -0.0274 -0.003 -0.0171 -0.0167 -0.0397 -0.012 -0.0236 -0.0166 -0.017 -0.0446 -0.011 0.0065
197407 -0.074186076 -0.0933 -0.0439 -0.0282 -0.1065 -0.0421 -0.0353 -0.0323 -0.0288 -0.1196 -0.0689 -0.0264 -0.06 -0.0452 -0.0107 -0.0366 -0.0274 -0.035 -0.0174
197408 -0.08636999 -0.1005 -0.0592 -0.0717 -0.1009 -0.0808 -0.0546 -0.0736 -0.0715 -0.0975 -0.1102 -0.0983 -0.0599 -0.0451 -0.0777 -0.0752 -0.0719 -0.0768 -0.0619
197409 -0.115038134 -0.136 -0.0618 -0.0721 -0.144 -0.0923 -0.0517 -0.0569 -0.0729 -0.1646 -0.0872 -0.0985 -0.0852 -0.0524 -0.05 -0.0439 -0.0711 -0.0668 -0.0838
197410 0.168083124 0.211 0.1084 0.08 0.2203 0.1361 0.1173 0.0965 0.0674 0.2302 0.1952 0.1698 0.0981 0.1235 0.1017 0.0984 0.0942 0.0524 0.0945
197411 -0.048849909 -0.0407 -0.0356 -0.0442 -0.0444 -0.0305 -0.0353 -0.0335 -0.0507 -0.0489 -0.0325 -0.0239 -0.0384 -0.0465 -0.0068 -0.0302 -0.0372 -0.0409 -0.067
197412 -0.015577942 -0.034 -0.0063 -0.0418 -0.0395 -0.0073 -0.0032 -0.0272 -0.0494 -0.045 -0.0254 -0.0091 -0.0052 0.0068 -0.0275 -0.0213 -0.0338 -0.0299 -0.083
197501 0.127187842 0.1103 0.1796 0.2393 0.103 0.1597 0.1685 0.224 0.2517 0.1039 0.1006 0.1426 0.1806 0.1624 0.1843 0.2218 0.2264 0.2246 0.3011
197502 0.063782812 0.0814 0.0283 0.0258 0.0927 0.0301 0.0311 0.029 0.015 0.1129 0.0419 0.0332 0.0265 0.0345 0.0225 0.0219 0.0372 0.0018 0.0376
197503 0.025370622 0.0308 0.0215 0.0753 0.0315 0.0344 0.0034 0.0626 0.0672 0.0341 0.0243 0.0278 0.0423 -0.0077 0.0313 0.0438 0.0838 0.0776 0.0501
197504 0.050983723 0.0572 0.0224 0.0564 0.0571 0.0488 0.0121 0.0475 0.041 0.0485 0.0806 0.0578 0.0381 0.0088 0.0202 0.0247 0.0721 0.037 0.0478
197505 0.047651851 0.0586 0.0597 0.0275 0.0539 0.0778 0.0537 0.031 0.0386 0.0466 0.0734 0.0797 0.0755 0.0556 0.049 0.0452 0.0166 0.0337 0.0466
197506 0.047723461 0.0442 0.0649 0.0724 0.0388 0.0695 0.0575 0.0788 0.0658 0.03 0.0619 0.0685 0.0707 0.0549 0.0636 0.0786 0.079 0.0753 0.0504
197507 -0.064397395 -0.0733 -0.0373 -0.0373 -0.0789 -0.0435 -0.0416 -0.0449 -0.0385 -0.0877 -0.0599 -0.0542 -0.0235 -0.0396 -0.0465 -0.0499 -0.0359 -0.0365 -0.0413
197508 -0.017577582 -0.0233 -0.0204 -0.0403 -0.0236 -0.0235 -0.0248 -0.0095 -0.0505 -0.0298 -0.0106 -0.0222 -0.0257 -0.0243 -0.026 0.0009 -0.0278 -0.0356 -0.0717
197509 -0.031077289 -0.0393 -0.028 -0.0366 -0.0453 -0.0181 -0.0291 -0.0392 -0.0446 -0.046 -0.0439 -0.019 -0.0163 -0.032 -0.0223 -0.0459 -0.0271 -0.0423 -0.0481
197510 0.065339197 0.0632 0.0546 0.0456 0.0681 0.0543 0.0468 0.0549 0.0351 0.0753 0.0532 0.0474 0.0668 0.0427 0.0561 0.0531 0.0579 0.0506 0.012
197511 0.028189545 0.0297 0.034 0.0423 0.0322 0.0254 0.0326 0.0412 0.0412 0.0353 0.0256 0.0213 0.0327 0.0275 0.0443 0.0399 0.0435 0.0392 0.0443
197512 -0.008110513 -0.0181 0.0029 0.0022 -0.0256 0.0065 0.0022 0.0006 0.0056 -0.0283 -0.02 0.0076 0.0046 0.0035 -0.0008 0.0019 -0.0018 0.0055 0.0058
197601 0.121632106 0.1095 0.1508 0.2091 0.1136 0.1082 0.1529 0.1855 0.2276 0.113 0.1151 0.096 0.1298 0.1486 0.1627 0.1843 0.1876 0.2041 0.2633
197602 -0.008427464 -0.0102 0.0261 0.079 -0.0171 0.0212 0.0182 0.0366 0.1036 -0.0307 0.0115 0.0127 0.036 0.012 0.0319 0.0292 0.0497 0.078 0.1402
197603 0.033697701 0.0276 0.0281 0.0204 0.0273 0.0307 0.025 0.0204 0.0271 0.0311 0.0197 0.0287 0.0341 0.0273 0.02 0.0252 0.0121 0.0219 0.034
197604 -0.007784273 -0.0157 0.0006 -0.0135 -0.0215 -0.0006 0.0065 -0.0043 -0.0159 -0.0249 -0.0145 0.0032 -0.0069 0.0116 -0.0046 -0.0008 -0.0105 -0.0195 -0.0111
197605 -0.011117736 -0.0062 -0.0165 -0.0185 -0.0118 0.0002 -0.0098 -0.0257 -0.0176 -0.0155 -0.0044 0.0117 -0.0192 -0.0084 -0.0129 -0.029 -0.0197 -0.0163 -0.0192
197606 0.044220467 0.0444 0.0496 0.0508 0.0442 0.0416 0.0581 0.0562 0.0419 0.0521 0.0282 0.0451 0.0354 0.0537 0.0679 0.0529 0.062 0.043 0.0404
197607 -0.004794895 -0.0119 0.0027 0.0052 -0.0161 0.0016 0.0032 0.0018 0.0145 -0.0147 -0.0194 0.0029 -0.0009 0.0083 -0.0054 0.0064 -0.0034 0.0124 0.0172
197608 -0.001836802 -0.0043 0.0086 -0.0104 -0.0059 0.0017 0.0146 -0.009 -0.0094 -0.0015 -0.0163 0.0012 0.0025 0.0245 -0.0025 -0.007 -0.0113 0.0003 -0.0215
197609 0.025945021 0.0224 0.0306 0.0266 0.0175 0.0377 0.031 0.0334 0.0083 0.0155 0.0223 0.0399 0.0339 0.0278 0.0365 0.0241 0.044 0.0129 0.0025
197610 -0.018624064 -0.0248 -0.012 -0.0291 -0.0253 -0.0214 -0.0084 -0.0229 -0.0302 -0.0295 -0.0152 -0.0232 -0.0181 -0.0035 -0.0168 -0.0184 -0.028 -0.0209 -0.0421
197611 -0.004081663 -0.0054 0.0253 0.0271 -0.0081 0.0117 0.0233 0.0254 0.039 -0.0166 0.0122 0.0038 0.0257 0.0272 0.0165 0.0333 0.0163 0.0402 0.0373
197612 0.056219404 0.0501 0.0695 0.0924 0.0438 0.0752 0.0625 0.0858 0.0934 0.0362 0.0612 0.0714 0.0817 0.0574 0.0717 0.0809 0.0915 0.0887 0.0995
197701 -0.04727334 -0.0598 -0.0115 0.0103 -0.0702 -0.0257 -0.0085 -0.0012 0.0236 -0.079 -0.0504 -0.0252 -0.0267 -0.0121 -0.0022 -0.0006 -0.0019 0.0214 0.0267
197702 -0.018229999 -0.0182 -0.0148 -0.0117 -0.0152 -0.0271 -0.0105 -0.0128 -0.0157 -0.0161 -0.0132 -0.0281 -0.0253 -0.0067 -0.0171 -0.017 -0.0078 -0.0121 -0.0206
197703 -0.010518874 -0.0155 -0.0046 0.0039 -0.0152 -0.0105 -0.0076 -0.0008 0.0124 -0.0151 -0.0152 -0.0165 -0.0004 -0.0109 -0.0017 0.0021 -0.0042 0.0192 0.0033
197704 0.004165708 -0.01 0.0192 0.0365 -0.0184 0.0195 0.0159 0.0335 0.0332 -0.0295 0.0058 0.0177 0.0226 0.0193 0.0099 0.0282 0.0396 0.0404 0.0234
197705 -0.019605773 -0.0173 -0.0005 -0.0072 -0.0208 -0.0074 0.0056 -0.0107 -0.006 -0.0227 -0.0169 -0.0062 -0.0094 0.012 -0.0056 -0.0128 -0.0084 -0.006 -0.006
197706 0.049417404 0.0575 0.0405 0.0565 0.0617 0.0453 0.037 0.0491 0.0604 0.0696 0.0454 0.0443 0.0468 0.0271 0.0548 0.0458 0.0529 0.0577 0.064
197707 -0.012440336 -0.0138 -0.0094 -0.0201 -0.011 -0.0243 -0.0072 -0.0031 -0.023 -0.0088 -0.0144 -0.025 -0.0237 -0.0073 -0.0071 0.0054 -0.0171 -0.0211 -0.0262
197708 -0.017197795 0.0036 -0.032 -0.0251 0.0095 -0.0273 -0.0244 -0.0362 -0.028 0.0171 -0.0031 -0.0199 -0.034 -0.0231 -0.0252 -0.0445 -0.0222 -0.0245 -0.034
197709 0.00144683 -0.0055 0.0112 -0.0026 -0.0047 -0.0033 0.0179 0.0049 -0.0012 -0.0109 0.0057 -0.0084 0.0013 0.008 0.0247 0.0103 -0.004 0.0015 -0.006
197710 -0.038951648 -0.0428 -0.0362 -0.0264 -0.0434 -0.0368 -0.0427 -0.0248 -0.0309 -0.0406 -0.048 -0.0406 -0.0334 -0.0411 -0.0437 -0.0266 -0.0217 -0.0252 -0.0411
197711 0.03162216 0.0429 0.042 0.0595 0.042 0.045 0.0416 0.0428 0.0728 0.0387 0.0475 0.0468 0.0434 0.0563 0.0318 0.0409 0.046 0.0611 0.0937
197712 0.007381676 0.0041 0.0095 0.0129 0.0033 0.0114 0.0115 0.0049 0.0109 0.0102 -0.0082 0.0077 0.0146 0.0058 0.0154 -0.0013 0.0151 0.0121 0.0089
197801 -0.057413159 -0.0629 -0.0537 -0.0261 -0.0611 -0.0673 -0.0497 -0.043 -0.0164 -0.0578 -0.0668 -0.0704 -0.0646 -0.0551 -0.046 -0.0472 -0.0362 -0.0246 -0.0024
197802 -0.020392232 -0.0225 0.0061 -0.0037 -0.0253 -0.0085 0.017 -0.0011 -0.004 -0.0313 -0.0149 -0.011 -0.0063 0.0074 0.0233 0.0003 -0.0033 -0.0062 -0.0005
197803 0.029411746 0.0248 0.0395 0.0508 0.0196 0.0444 0.0388 0.0378 0.0622 0.0105 0.0347 0.0469 0.0422 0.0437 0.0355 0.0373 0.0386 0.0569 0.0709
197804 0.090236474 0.1098 0.0576 0.0697 0.1135 0.083 0.0536 0.0547 0.0701 0.1207 0.1017 0.0945 0.0729 0.0758 0.039 0.0458 0.0692 0.07 0.0703
197805 0.008675036 0.0233 0.0168 0.0343 0.0221 0.025 0.013 0.0191 0.046 0.0253 0.0168 0.0281 0.0224 0.0167 0.0104 0.0175 0.0216 0.0368 0.0608
197806 -0.013163221 -0.0136 -0.0124 -0.0084 -0.0113 -0.0225 -0.0121 -0.0068 -0.0005 -0.0048 -0.0222 -0.0234 -0.0218 -0.0138 -0.011 -0.0001 -0.0173 0.0057 -0.0102
197807 0.058306228 0.069 0.0422 0.0587 0.0727 0.0517 0.0409 0.0482 0.0615 0.0741 0.0704 0.0562 0.0469 0.0524 0.0313 0.0404 0.0556 0.0485 0.0847
197808 0.030095359 0.0401 0.0483 0.0368 0.0391 0.0461 0.0484 0.0389 0.0419 0.0411 0.0358 0.0436 0.0487 0.05 0.0471 0.047 0.0312 0.0396 0.0459
197809 -0.003194889 -0.0249 0.0082 -0.002 -0.0314 -0.0034 0.0136 0.002 -0.0019 -0.035 -0.0254 -0.0026 -0.0043 0.0143 0.0131 0.0062 -0.002 0.0011 -0.0072
197810 -0.087185488 -0.1128 -0.1015 -0.1336 -0.1103 -0.119 -0.091 -0.1129 -0.1572 -0.1011 -0.1253 -0.1212 -0.1167 -0.1039 -0.0799 -0.1185 -0.1075 -0.1405 -0.1861
197811 0.02147078 0.0348 0.0345 0.0333 0.0345 0.0321 0.0385 0.0314 0.0327 0.036 0.0319 0.0361 0.028 0.0412 0.0362 0.0286 0.0341 0.0335 0.0311
197812 0.01964085 0.0289 0.0084 0.0016 0.0323 0.013 0.0074 0.0058 0.0036 0.0493 0.0039 0.0175 0.0081 0.0143 0.0015 0.0125 -0.0006 0.0067 -0.0019
197901 0.044324295 0.0375 0.0537 0.074 0.0334 0.0549 0.0487 0.065 0.0837 0.0248 0.0483 0.0517 0.0583 0.0498 0.0477 0.0663 0.0638 0.0689 0.1109
197902 -0.032122427 -0.0369 -0.0235 -0.0265 -0.0401 -0.0267 -0.0229 -0.0224 -0.0276 -0.0392 -0.0418 -0.0256 -0.028 -0.0311 -0.0159 -0.0193 -0.0253 -0.0239 -0.0341
197903 0.059721621 0.0629 0.0598 0.0778 0.0605 0.0689 0.0551 0.0693 0.0847 0.055 0.0698 0.0715 0.0662 0.0747 0.0384 0.0681 0.0704 0.0741 0.1039
197904 0.006299815 0.0034 0.0086 0.0133 0.0042 0.0094 0.0028 0.015 0.0121 0.0024 0.0073 0.0004 0.0189 0.0086 -0.0024 0.0156 0.0145 0.0146 0.0078
197905 -0.021717847 -0.0191 -0.0122 -0.0084 -0.0205 -0.0117 -0.0126 -0.0093 -0.0124 -0.0197 -0.0219 -0.0144 -0.009 -0.0151 -0.0105 -0.0149 -0.004 -0.0128 -0.0117
197906 0.043399297 0.0336 0.0558 0.0575 0.0294 0.0522 0.0525 0.0661 0.0499 0.0199 0.0455 0.0478 0.0568 0.0656 0.0409 0.0665 0.0658 0.0403 0.0665
197907 0.013409866 0.0076 0.02 0.0301 0.0034 0.021 0.02 0.0189 0.0355 -0.0075 0.0208 0.0191 0.0236 0.0217 0.0185 0.0154 0.0228 0.0311 0.0419
197908 0.057701518 0.0701 0.0564 0.0578 0.0703 0.071 0.0494 0.055 0.0653 0.0663 0.0765 0.0695 0.073 0.0562 0.043 0.0619 0.0477 0.066 0.0642
197909 0.004390779 -0.0062 0.0073 -0.0083 -0.0122 0.0064 0.0101 -0.0029 -0.0066 -0.0158 -0.0066 0.0099 0.0017 0.0129 0.0074 0.0043 -0.0107 -0.0062 -0.0071
197910 -0.064032204 -0.0697 -0.0665 -0.0893 -0.0687 -0.0649 -0.0661 -0.0827 -0.0941 -0.0682 -0.0695 -0.0723 -0.055 -0.067 -0.0653 -0.0828 -0.0826 -0.0783 -0.1174
197911 0.047534833 0.0706 0.0583 0.0466 0.0687 0.0716 0.0505 0.0685 0.0377 0.0719 0.0638 0.0756 0.0665 0.0417 0.0588 0.077 0.0591 0.0483 0.0216
197912 0.021477007 0.0356 0.0153 0.0261 0.032 0.0385 0.0077 0.0164 0.0395 0.024 0.0445 0.045 0.0299 0.0065 0.0089 0.0241 0.0078 0.0277 0.058
198001 0.062164183 0.0524 0.0652 0.0804 0.0465 0.0727 0.0609 0.0612 0.0947 0.0315 0.0695 0.0677 0.0793 0.0801 0.0431 0.0624 0.06 0.0728 0.1282
198002 -8.75968E-05 -0.0275 0.0153 -0.0024 -0.0348 0.0009 0.0221 -0.0072 0.001 -0.0331 -0.0373 -0.0088 0.0137 0.0289 0.0155 -0.0069 -0.0076 0.005 -0.0047
198003 -0.097483664 -0.1028 -0.1132 -0.1395 -0.0924 -0.1237 -0.11 -0.1186 -0.1537 -0.0919 -0.0933 -0.1287 -0.1172 -0.1244 -0.0959 -0.1191 -0.1179 -0.1359 -0.1798
198004 0.046233687 0.0403 0.0572 0.0607 0.0376 0.0435 0.0584 0.0803 0.0452 0.0352 0.0411 0.0473 0.0387 0.0441 0.072 0.0779 0.0831 0.0619 0.0195
198005 0.051462953 0.0597 0.0569 0.0678 0.0573 0.0588 0.0606 0.054 0.0765 0.0576 0.057 0.066 0.0497 0.0673 0.0545 0.0526 0.0556 0.0824 0.067
198006 0.031643296 0.0341 0.0355 0.0276 0.0329 0.0421 0.0261 0.0444 0.023 0.0292 0.0383 0.0371 0.0486 0.0367 0.0161 0.0533 0.0343 0.0203 0.0273
198007 0.069590411 0.0977 0.0573 0.0347 0.1159 0.0668 0.0478 0.0385 0.0573 0.1217 0.1075 0.0633 0.0719 0.0399 0.0589 0.0624 0.0173 0.0395 0.078
198008 0.010109242 0.029 0.0181 0.0207 0.0362 0.0195 0.0189 0.0183 0.0104 0.0427 0.0267 0.0145 0.0267 0.0091 0.0324 0.0069 0.0289 0.0042 0.0174
198009 0.029416589 0.0429 0.0321 -0.0065 0.0401 0.0544 0.0311 -0.0071 0.0033 0.0398 0.0405 0.0487 0.0625 0.0451 0.0123 0.0006 -0.0141 0.0118 -0.0062
198010 0.020245454 0.023 0.0282 -0.0025 0.0172 0.0379 0.0379 -0.0108 0.008 0.0327 -0.0057 0.0346 0.0425 0.0424 0.0318 -0.0107 -0.011 0.0016 0.0152
198011 0.106534906 0.1175 0.1242 0.0446 0.1156 0.1349 0.149 0.0445 0.0265 0.1229 0.1042 0.1214 0.1539 0.1744 0.1139 0.0288 0.0591 0.0369 0.0144
198012 -0.03010244 -0.0256 -0.044 -0.0084 -0.0154 -0.0521 -0.0469 -0.0111 -0.0067 -0.0127 -0.0196 -0.0456 -0.061 -0.0512 -0.0407 -0.0125 -0.0098 -0.0051 -0.0087
198101 -0.04183859 -0.0572 -0.0472 0.0174 -0.0587 -0.0634 -0.049 0.0047 0.0234 -0.0705 -0.0399 -0.0543 -0.076 -0.0632 -0.0285 -0.0039 0.0127 0.0237 0.0231
198102 0.017367822 0.0239 0.014 0.016 0.0237 0.0211 0.0055 0.0243 0.014 0.0146 0.0377 0.0243 0.0165 0.0134 -0.0056 0.0318 0.0176 0.0059 0.0236
198103 0.040070171 0.0425 0.041 0.0565 0.0484 0.0412 0.0226 0.0519 0.0783 0.0472 0.0501 0.0306 0.0565 0.0167 0.031 0.0661 0.0389 0.0589 0.101
198104 -0.019338254 -0.0161 -0.0148 0.0158 -0.0128 -0.0285 -0.0161 0.0206 0.0034 -0.0057 -0.0235 -0.0228 -0.0366 -0.0337 0.009 0.0148 0.0261 0.0032 0.0037
198105 0.002560039 0.0135 -0.0007 0.0295 0.0247 -0.0092 -0.0056 0.0279 0.0221 0.0344 0.0099 -0.0096 -0.0087 -0.0121 0.0032 0.0198 0.0355 0.021 0.0234
198106 -0.006184516 -0.0354 0.0194 0.0019 -0.0492 0.0058 0.0242 0.0035 0.0022 -0.0617 -0.0297 -0.0059 0.0224 0.0171 0.0336 0.0055 0.0016 0.0094 -0.0058
198107 0.002057821 0.008 -0.008 -0.0115 0.0083 0.017 -0.0214 -0.0228 -0.0072 0.0065 0.0101 0.0072 0.03 -0.024 -0.0169 -0.026 -0.019 0.0001 -0.0228
198108 -0.057821609 -0.0722 -0.0554 -0.0285 -0.0706 -0.0667 -0.0544 -0.0525 -0.0191 -0.0918 -0.0503 -0.0758 -0.0548 -0.059 -0.0466 -0.0586 -0.045 -0.0074 -0.0447
198109 -0.049271121 -0.0683 -0.0605 -0.0197 -0.0754 -0.063 -0.0633 -0.0278 -0.0175 -0.086 -0.0656 -0.0516 -0.0771 -0.0674 -0.0566 -0.0312 -0.0238 -0.0032 -0.0496
198110 0.053968041 0.0841 0.0429 0.0463 0.0872 0.0746 0.0388 0.0308 0.0462 0.1145 0.0626 0.077 0.0715 0.0324 0.049 0.0174 0.0466 0.0504 0.0364
198111 0.041184604 0.037 0.0505 0.0423 0.0304 0.0535 0.0458 0.0496 0.0424 0.0073 0.0521 0.0526 0.0548 0.0464 0.0447 0.0562 0.0419 0.0375 0.0543
198112 -0.025643081 -0.0304 -0.025 -0.0232 -0.0288 -0.0306 -0.0301 -0.02 -0.0199 -0.0384 -0.02 -0.0341 -0.026 -0.0303 -0.0299 -0.012 -0.0293 -0.0174 -0.0258
198201 -0.012974248 -0.0222 -0.0362 0.0021 -0.0214 -0.0372 -0.0319 -0.0144 0.006 -0.0374 -0.0071 -0.024 -0.0552 -0.0342 -0.0283 -0.022 -0.0052 0.0134 -0.0115
198202 -0.055897084 -0.0739 -0.0332 -0.0175 -0.0736 -0.0677 -0.0278 -0.012 -0.0222 -0.0906 -0.0587 -0.0745 -0.0582 -0.0282 -0.0272 -0.0148 -0.0088 -0.0308 -0.0013
198203 -0.005216108 -0.0198 -0.0052 0.0187 -0.0326 0.0015 -0.0105 0.0161 0.0179 -0.038 -0.0279 0.0106 -0.0106 -0.0169 -0.0003 0.0127 0.02 0.0185 0.0165
198204 0.045283995 0.0585 0.0377 0.0285 0.0658 0.0431 0.036 0.0356 0.0234 0.0613 0.0695 0.0421 0.0445 0.0323 0.0419 0.0337 0.0377 0.0149 0.0434
198205 -0.034094796 -0.0348 -0.0229 -0.0219 -0.0408 -0.0209 -0.0205 -0.0313 -0.016 -0.0486 -0.0344 -0.0209 -0.0209 -0.0184 -0.0239 -0.0305 -0.0322 -0.0126 -0.0237
198206 -0.015016128 -0.0262 -0.0123 -0.0161 -0.0326 -0.0133 -0.0073 -0.0161 -0.0183 -0.0441 -0.0232 -0.0118 -0.0154 -0.0064 -0.0088 -0.0197 -0.012 -0.0241 -0.0055
198207 -0.017699017 -0.0087 -0.0375 -0.016 -0.0039 -0.0324 -0.0347 -0.0228 -0.0181 -0.0191 0.0115 -0.0198 -0.0488 -0.0335 -0.0358 -0.0325 -0.0146 -0.0173 -0.0198
198208 0.121393208 0.1062 0.1266 0.1268 0.1083 0.1157 0.1216 0.1306 0.1173 0.1127 0.1039 0.1012 0.1353 0.1125 0.1312 0.1271 0.1335 0.1196 0.1126
198209 0.012467607 0.0203 0.0235 0.0064 0.0207 0.0238 0.0272 0.0077 0.011 0.0157 0.0256 0.0194 0.0296 0.0314 0.023 0.0129 0.0032 0.0123 0.0082
198210 0.115097106 0.132 0.1145 0.0994 0.1314 0.1202 0.111 0.1164 0.091 0.1525 0.1105 0.1335 0.103 0.0989 0.1236 0.1295 0.1052 0.0736 0.1284
198211 0.040385926 0.0749 0.031 0.0463 0.0781 0.0517 0.0313 0.0376 0.05 0.09 0.066 0.0672 0.0314 0.0322 0.0303 0.0303 0.0438 0.0371 0.076
198212 0.019272457 0.0116 0.0115 0.0151 0.0177 0.0027 0.0115 0.0042 0.0405 -0.003 0.0393 -0.0036 0.0111 0.017 0.0061 0.0118 -0.0023 0.0388 0.0439
198301 0.037187062 0.0379 0.0359 0.0576 0.0391 0.0359 0.039 0.0541 0.0329 0.0496 0.0286 0.0347 0.0375 0.0267 0.0513 0.0299 0.0751 0.0289 0.0406
198302 0.02291817 0.0375 0.0294 0.0284 0.0329 0.0395 0.0387 0.0193 0.04 0.0345 0.0312 0.0493 0.0266 0.0321 0.0452 0.0177 0.0205 0.0329 0.0536
198303 0.036944441 0.0251 0.0473 0.0344 0.0264 0.0317 0.0452 0.0416 0.0368 0.0206 0.0325 0.0217 0.0452 0.0539 0.0366 0.0524 0.0328 0.0304 0.0486
198304 0.07884419 0.0604 0.0887 0.0719 0.0649 0.0631 0.0845 0.0854 0.0711 0.0562 0.0738 0.049 0.0818 0.0803 0.0887 0.1008 0.0724 0.0563 0.098
198305 -0.008697232 0.0106 0.0087 0.0064 0.0168 0.0043 0.0135 -0.0044 0.0216 0.0307 0.0028 -0.0053 0.0165 -0.0028 0.0298 -0.0048 -0.0041 0.0252 0.0155
198306 0.038918566 0.0534 0.0378 0.0101 0.0582 0.0534 0.0319 0.0124 0.0168 0.0575 0.059 0.0406 0.0693 0.0463 0.018 0.0205 0.0054 0.0024 0.0419
198307 -0.029444936 -0.053 -0.023 -0.0081 -0.0511 -0.0503 -0.0289 -0.0009 -0.0138 -0.052 -0.0496 -0.0589 -0.0372 -0.0268 -0.0318 -0.0024 0.0006 -0.0198 0.0003
198308 0.01500982 -0.0188 0.004 0.0451 -0.019 -0.0147 -0.0021 0.0306 0.0507 -0.0268 -0.0058 -0.0183 -0.0093 -0.0065 0.0038 0.0241 0.0368 0.0463 0.0609
198309 0.013807775 0.0219 0.0165 0.0121 0.0248 0.021 0.0219 0.0035 0.0131 0.0231 0.0277 0.0126 0.0332 0.0236 0.0197 -0.0041 0.0107 0.0177 0.0025
198310 -0.011561416 -0.0442 -0.0138 -0.0061 -0.0462 -0.0314 -0.0125 -0.0052 -0.0095 -0.0605 -0.0227 -0.0375 -0.0226 0.0047 -0.0353 -0.0099 -0.0009 -0.0107 -0.0068
198311 0.021094505 0.0309 0.027 0.0223 0.0274 0.0331 0.0328 0.0251 0.0181 0.0191 0.0407 0.0419 0.0207 0.0234 0.0458 0.0214 0.0285 0.0193 0.0154
198312 -0.005228373 -0.0104 -0.0102 -0.0055 -0.0131 -0.0026 -0.0182 -0.0106 0.0041 -0.0117 -0.0154 -0.002 -0.0035 -0.0164 -0.0205 -0.0009 -0.0196 0.0053 0.0013
198401 -0.00557815 -0.0516 0.0047 0.0338 -0.0601 -0.0161 0.0032 0.0111 0.0497 -0.0687 -0.0465 -0.0255 -0.0023 -0.0192 0.0342 0.0119 0.0102 0.0529 0.0421
198402 -0.035187512 -0.0507 -0.0427 -0.0182 -0.047 -0.0617 -0.0439 -0.0287 -0.0104 -0.0537 -0.0369 -0.0615 -0.0619 -0.0441 -0.0438 -0.0275 -0.0298 -0.0267 0.0269
198403 0.017318191 0.0137 0.0156 0.0067 0.0126 0.0224 0.0079 0.0164 0.002 0.0077 0.02 0.0171 0.03 0.0075 0.0083 0.0192 0.0138 -0.0048 0.0167
198404 0.009486086 0.0022 0.0021 0.0148 0.0051 -0.0028 0.0076 0.0065 0.0115 0.004 0.0067 -0.0066 0.0026 0.0114 0.0026 -0.0075 0.0199 0.0166 0.0006
198405 -0.055357705 -0.0497 -0.0459 -0.0571 -0.0516 -0.0375 -0.0595 -0.0427 -0.0614 -0.0536 -0.0487 -0.0437 -0.0289 -0.0632 -0.0547 -0.0342 -0.0506 -0.0624 -0.0594
198406 0.021720393 0.0443 0.0163 0.0246 0.0406 0.0515 0.0182 -0.0016 0.0399 0.0377 0.0449 0.0554 0.046 0.0215 0.0139 -0.0071 0.0036 0.0581 -0.0095
198407 -0.012403737 -0.0186 -0.0197 -0.0252 -0.0161 -0.0273 -0.0097 -0.0323 -0.0204 -0.0118 -0.0226 -0.0271 -0.0275 -0.0163 -0.0049 -0.033 -0.0319 -0.025 -0.0125
198408 0.110447402 0.1167 0.1104 0.113 0.119 0.1105 0.1062 0.1123 0.116 0.1276 0.106 0.1091 0.112 0.1071 0.1055 0.1177 0.1088 0.1225 0.105
198409 0.000239969 -0.0246 -0.0011 0.0308 -0.0286 -0.0113 0.0011 0.018 0.0342 -0.0344 -0.0196 -0.0111 -0.0116 -0.0059 0.0059 0.0057 0.0261 0.0315 0.0388
198410 0.003853134 0.002 0.0069 -0.0045 -0.0016 0.015 0.0101 -0.0045 -0.0067 -0.0072 0.0067 0.0142 0.0158 0.0025 0.015 -0.0092 -0.0014 -0.0184 0.0132
198411 -0.011198807 -0.0266 -0.0114 0.0087 -0.0322 -0.0098 -0.0121 -0.0036 0.0147 -0.0419 -0.0182 -0.0081 -0.0115 -0.0171 -0.0089 -0.0099 0.0003 0.0117 0.0196
198412 0.026347989 0.0255 0.0256 0.0223 0.027 0.0233 0.0243 0.029 0.0172 0.0252 0.0296 0.0208 0.0258 0.0158 0.0298 0.0283 0.0294 0.01 0.0289
198501 0.077911984 0.1099 0.0838 0.0596 0.1118 0.096 0.0811 0.075 0.053 0.128 0.089 0.1036 0.0882 0.085 0.0787 0.0851 0.0688 0.0518 0.0548
198502 0.012191745 0.016 0.0183 0.0218 0.0118 0.0208 0.0174 0.0251 0.0209 0.009 0.0158 0.0301 0.0111 0.018 0.017 0.0283 0.0231 0.0285 0.0088
198503 0.000662301 -0.0165 -0.0068 0.0209 -0.023 -0.0024 -0.0056 0.009 0.0226 -0.035 -0.0055 0.0046 -0.01 0.0079 -0.0141 -0.0061 0.0186 0.021 0.0252
198504 -0.000885652 -0.0189 -0.0064 0.0187 -0.0171 -0.0233 -0.0084 0.0132 0.0235 -0.0221 -0.0101 -0.0243 -0.0222 0.0017 -0.0149 0.0149 0.0122 0.0249 0.0211
198505 0.0577768 0.0566 0.0668 0.0504 0.056 0.0663 0.0726 0.0519 0.0467 0.0501 0.0644 0.0585 0.0748 0.0877 0.0626 0.0462 0.0555 0.0493 0.0425
198506 0.015668706 0.0151 0.0198 0.0155 0.0106 0.0246 0.0188 0.0121 0.0226 0.005 0.0184 0.0296 0.0192 0.0153 0.0211 0.0226 0.0051 0.02 0.0267
198507 -0.001459436 0.0059 -0.0048 -0.012 0.0069 0.0048 -0.0031 -0.0128 -0.0133 0.009 0.0045 0.0025 0.0076 -0.0028 -0.0034 -0.015 -0.0094 -0.0237 0.007
198508 -0.00859003 -0.0161 -0.0006 0.0076 -0.0186 -0.0025 0.0003 0.0015 0.0057 -0.0184 -0.0189 -0.0079 0.0041 0.0018 -0.0014 -0.005 0.0115 0.0083 0.0008
198509 -0.031278182 -0.0438 -0.0293 -0.0435 -0.0458 -0.0336 -0.0282 -0.0373 -0.0419 -0.0439 -0.0483 -0.0373 -0.0292 -0.0245 -0.0321 -0.0309 -0.047 -0.0413 -0.043
198510 0.046188522 0.0388 0.0514 0.0528 0.0384 0.0439 0.0454 0.0544 0.057 0.0364 0.0409 0.04 0.0486 0.0456 0.0453 0.0614 0.0438 0.0615 0.0484
198511 0.068591332 0.0888 0.0666 0.0491 0.0938 0.0772 0.0756 0.0454 0.0502 0.0912 0.097 0.0725 0.0829 0.0777 0.0734 0.0447 0.0466 0.0558 0.0396
198512 0.048375133 0.0565 0.037 0.043 0.0605 0.0408 0.043 0.0333 0.0442 0.0601 0.061 0.0434 0.0375 0.0549 0.0307 0.0288 0.0403 0.0507 0.0316
198601 0.005585005 0.01 0.0056 0.0165 0.008 0.014 0.0162 -0.0029 0.0192 0.0018 0.0156 0.0167 0.0106 0.0011 0.0323 -0.0118 0.0107 0.0153 0.0269
198602 0.074700158 0.0791 0.081 0.0687 0.0753 0.0952 0.08 0.0682 0.0704 0.0635 0.0896 0.0919 0.0994 0.0703 0.0901 0.0704 0.065 0.0663 0.0785
198603 0.055790568 0.0594 0.0575 0.0443 0.0564 0.0671 0.0564 0.0475 0.0478 0.0524 0.0611 0.0692 0.0644 0.0525 0.0603 0.0546 0.0368 0.0564 0.0312
198604 -0.011259962 0.0079 -0.0135 -0.0293 0.0092 -0.0017 -0.0141 -0.0223 -0.028 0.0232 -0.0073 0.0034 -0.0085 -0.0028 -0.0255 -0.016 -0.0322 -0.023 -0.0381
198605 0.053158978 0.0514 0.0549 0.0491 0.0527 0.0528 0.0434 0.0594 0.0506 0.0494 0.0566 0.0474 0.0597 0.044 0.0428 0.068 0.0458 0.0601 0.0316
198606 0.016899154 0.0157 0.0113 0.0252 0.0181 0.0131 0.0114 0.0117 0.0266 0.0162 0.0204 0.0078 0.0201 0.0115 0.0113 0.0053 0.022 0.0424 -0.0059
198607 -0.055892208 -0.0766 -0.0566 -0.0294 -0.0786 -0.0681 -0.0604 -0.0329 -0.0346 -0.0819 -0.0756 -0.0704 -0.065 -0.06 -0.0609 -0.044 -0.02 -0.019 -0.0597
198608 0.074157199 0.0444 0.0788 0.0899 0.0422 0.0587 0.0601 0.0958 0.0995 0.0298 0.0529 0.0514 0.0688 0.0494 0.0748 0.1161 0.0727 0.0925 0.1111
198609 -0.0826711 -0.0983 -0.0707 -0.0697 -0.0982 -0.0916 -0.07 -0.0728 -0.0619 -0.1099 -0.0883 -0.0985 -0.0823 -0.0765 -0.0613 -0.0633 -0.0842 -0.0857 -0.0225
198610 0.057712278 0.0543 0.0504 0.0514 0.0508 0.0611 0.0531 0.0459 0.0523 0.0739 0.0316 0.0652 0.0557 0.0613 0.0421 0.0428 0.0498 0.0597 0.0409
198611 0.024305231 0.0179 0.0183 0.014 0.0198 0.0149 0.0189 0.0161 0.0137 0.0104 0.0279 0.0122 0.0185 0.0243 0.0117 0.0172 0.0146 0.0175 0.0076
198612 -0.025519574 -0.0255 -0.0296 -0.0283 -0.0235 -0.025 -0.0391 -0.0271 -0.0279 -0.0213 -0.0254 -0.0318 -0.0158 -0.0411 -0.0364 -0.0256 -0.029 -0.0372 -0.013
198701 0.134656795 0.1372 0.1297 0.1082 0.1338 0.1495 0.1086 0.1212 0.1161 0.1326 0.1349 0.1478 0.1516 0.1095 0.1075 0.1441 0.0931 0.1239 0.1042
198702 0.039477976 0.0773 0.0383 0.0046 0.0834 0.0654 0.0408 0.0088 0.0024 0.0899 0.0779 0.0582 0.0752 0.0225 0.0662 0.0086 0.0091 0.0032 0.001
198703 0.028852925 0.0163 0.0232 0.0268 0.0145 0.022 0.0091 0.0281 0.0368 0.0101 0.0183 0.0219 0.0223 0.0146 0.0017 0.0441 0.0073 0.0169 0.0681
198704 -0.008879288 -0.0194 -0.0119 -0.017 -0.0185 -0.0164 -0.025 -0.0113 -0.0095 -0.036 -0.0033 -0.0223 -0.0085 -0.0292 -0.0193 0.0039 -0.0319 -0.0038 -0.0182
198705 0.00863501 0.0126 -0.0016 0.007 0.0163 -0.0031 -0.0013 0.0053 0.0063 0.0142 0.018 0.0009 -0.0082 0.0066 -0.0119 0.003 0.0086 0 0.0159
198706 0.050500358 0.0428 0.0518 0.046 0.0418 0.0448 0.0548 0.0487 0.0481 0.0451 0.0391 0.0459 0.0434 0.0642 0.0422 0.0537 0.0417 0.0439 0.0547
198707 0.050657605 0.0516 0.0347 0.0393 0.0513 0.0347 0.0542 0.0297 0.039 0.0493 0.0534 0.0528 0.0181 0.0743 0.0332 0.0237 0.04 0.0284 0.0554
198708 0.037281401 0.0446 0.0426 0.0279 0.0449 0.0475 0.0348 0.0429 0.0233 0.0369 0.0537 0.0437 0.051 0.0394 0.0296 0.0458 0.0379 0.0332 0.0086
198709 -0.021922377 -0.02 -0.0219 -0.0241 -0.0229 -0.0324 -0.0072 -0.0201 -0.0208 -0.0388 -0.0058 -0.0113 -0.0524 -0.0045 -0.0101 -0.0135 -0.0312 -0.0234 -0.017
198710 -0.215331076 -0.2425 -0.2114 -0.2033 -0.2376 -0.2459 -0.2328 -0.1696 -0.2099 -0.2275 -0.2481 -0.2572 -0.2348 -0.2374 -0.2277 -0.1586 -0.1887 -0.1903 -0.2395
198711 -0.082409945 -0.0858 -0.0741 -0.0555 -0.0894 -0.0737 -0.0706 -0.0673 -0.0604 -0.0953 -0.0832 -0.0744 -0.0731 -0.0861 -0.0534 -0.0798 -0.0451 -0.0831 -0.0239
198712 0.076074627 0.0918 0.0645 0.0485 0.0908 0.082 0.0795 0.036 0.0576 0.0874 0.0943 0.0947 0.0697 0.0854 0.0734 0.04 0.0292 0.0598 0.0544
198801 0.043467048 0.0208 0.0556 0.0788 0.0207 0.0243 0.0518 0.0824 0.0798 0.019 0.0224 0.0211 0.0275 0.071 0.0314 0.0859 0.0764 0.0973 0.053
198802 0.044734928 0.0573 0.0496 0.0383 0.0555 0.0658 0.0549 0.0294 0.0399 0.053 0.0581 0.0628 0.0687 0.0585 0.0509 0.0263 0.0348 0.0265 0.0612
198803 -0.030542667 -0.0238 -0.024 -0.0074 -0.0299 -0.0212 -0.0183 -0.0258 0.0053 -0.0214 -0.0389 -0.0053 -0.0368 -0.0284 -0.007 -0.0204 -0.0353 0.0052 0.0055
198804 0.01270852 -0.0042 0.0207 0.0165 -0.0048 0.0105 0.0165 0.0176 0.021 -0.0121 0.0029 -0.0024 0.0234 0.008 0.0259 0.024 0.0062 0.0247 0.0152
198805 0.006428317 -0.0033 0.0035 0.0183 -0.0044 -0.0015 -0.0055 0.0218 0.0167 -0.0044 -0.0044 0 -0.003 -0.0024 -0.0088 0.0216 0.0221 0.0156 0.0184
198806 0.046498672 0.0508 0.0579 0.0421 0.05 0.0694 0.059 0.0359 0.0428 0.0474 0.0526 0.0534 0.0852 0.0617 0.0562 0.0333 0.0405 0.0281 0.0657
198807 -0.002413163 -0.0165 -0.0028 0.0024 -0.0155 -0.016 0.0025 -0.0012 0.0055 -0.0144 -0.0168 -0.0196 -0.013 0.0068 -0.0024 -0.001 -0.0015 0.0068 0.0037
198808 -0.035585619 -0.0301 -0.03 -0.0137 -0.0305 -0.0452 -0.0204 -0.0102 -0.019 -0.0275 -0.0339 -0.0287 -0.0591 -0.0221 -0.0183 -0.0131 -0.0072 -0.0189 -0.0191
198809 0.042864454 0.0481 0.0343 0.035 0.0521 0.0418 0.0249 0.034 0.0388 0.0492 0.0553 0.0344 0.0482 0.01 0.042 0.0375 0.0303 0.0381 0.0398
198810 0.029017179 0.0182 0.0172 0.0268 0.0086 0.0386 0.0116 0.0187 0.0313 -0.0011 0.0194 0.0517 0.0274 0.0062 0.0176 0.0165 0.0211 0.0209 0.0459
198811 -0.015915762 -0.019 -0.0194 -0.0067 -0.0207 -0.0166 -0.0238 -0.0088 -0.0055 -0.0214 -0.0198 -0.0134 -0.0194 -0.0195 -0.0286 -0.0094 -0.0082 -0.0095 0
198812 0.017720206 0.0291 0.0181 0.0105 0.0291 0.025 0.0207 0.0112 0.0075 0.0305 0.0276 0.029 0.0215 0.0252 0.0157 0.0083 0.0144 0.0102 0.0038
198901 0.074103421 0.0679 0.0636 0.0682 0.07 0.0648 0.0609 0.06 0.0773 0.0651 0.0756 0.0604 0.0686 0.0636 0.0579 0.0629 0.057 0.075 0.0805
198902 -0.026154262 -0.0205 -0.0178 -0.01 -0.0233 -0.0182 -0.0172 -0.0098 -0.011 -0.0163 -0.0311 -0.0107 -0.0244 -0.0234 -0.0102 -0.0107 -0.0089 -0.0119 -0.0097
198903 0.023679336 0.0252 0.0179 0.0271 0.0243 0.0091 0.0351 0.0247 0.0194 0.0282 0.02 0.0284 -0.0074 0.0347 0.0355 0.0133 0.0366 0.0174 0.0222
198904 0.053311718 0.0588 0.0473 0.0401 0.0597 0.052 0.0455 0.0443 0.0407 0.0599 0.0596 0.0554 0.0491 0.0266 0.0668 0.0492 0.0392 0.0432 0.0374
198905 0.038205293 0.0477 0.0361 0.0395 0.047 0.0328 0.0412 0.043 0.0397 0.0503 0.0433 0.0502 0.0189 0.0406 0.0418 0.0467 0.0392 0.0407 0.0383
198906 -0.004960053 -0.0117 -0.004 0.0033 -0.0112 -0.0075 -0.0092 -0.0012 0.0127 -0.0192 -0.0021 -0.0138 -0.0023 -0.0038 -0.015 0.0054 -0.0082 -0.0009 0.0316
198907 0.091326043 0.1005 0.0681 0.0577 0.0997 0.088 0.0598 0.0695 0.0598 0.1039 0.0937 0.102 0.0694 0.0534 0.0668 0.0834 0.0549 0.0625 0.0553
198908 0.018233126 0.0125 0.0284 0.0261 0.0094 0.0251 0.0316 0.0226 0.024 0.0035 0.018 0.019 0.0334 0.0267 0.0368 0.0166 0.029 0.0268 0.0192
198909 -0.003869822 0.0061 -0.0072 -0.0003 0.0105 -0.0112 -0.0041 0.0033 -0.0031 0.0218 -0.0061 -0.003 -0.0221 0.0008 -0.0093 0.0032 0.0034 -0.0009 -0.0067
198910 -0.022454651 -0.0179 -0.0413 -0.0264 -0.0111 -0.0392 -0.0399 -0.0352 -0.0203 -0.0098 -0.0129 -0.0321 -0.0489 -0.0354 -0.0446 -0.0359 -0.0344 -0.0105 -0.037
198911 0.019332852 0.0221 0.0154 0.0092 0.0175 0.0232 0.0196 0.0106 0.0092 0.0222 0.0105 0.0319 0.011 0.0252 0.0137 0.0119 0.0091 0.0109 0.0063
198912 0.024162295 0.0155 0.021 0.0223 0.0091 0.0099 0.0338 0.0378 0.0099 0.0076 0.0113 0.0289 -0.017 0.0345 0.033 0.0366 0.039 0.0059 0.017
199001 -0.066214134 -0.077 -0.065 -0.0719 -0.0782 -0.0613 -0.0716 -0.0756 -0.0687 -0.0792 -0.0767 -0.0745 -0.0415 -0.065 -0.0789 -0.0754 -0.0759 -0.0642 -0.0768
199002 0.011334814 0.0063 0.0224 0.0251 0.0065 0.0196 0.0221 0.016 0.0234 0.0032 0.0113 0.0058 0.0395 0.0234 0.0206 0.0054 0.0274 0.0295 0.0124
199003 0.027027183 0.0416 0.0163 0.0067 0.0408 0.0378 0.0095 0.0105 0.0075 0.0451 0.0348 0.0432 0.0303 0.0032 0.0166 0.015 0.0057 0.0163 -0.0085
199004 -0.02373989 -0.0111 -0.0345 -0.0448 -0.0061 -0.0184 -0.0409 -0.043 -0.047 -0.0017 -0.0124 -0.0214 -0.0141 -0.0325 -0.0501 -0.044 -0.042 -0.0402 -0.0599
199005 0.095224288 0.1059 0.0838 0.0713 0.1115 0.1033 0.0773 0.0636 0.0746 0.1302 0.0842 0.0943 0.1159 0.0798 0.0745 0.0605 0.0669 0.0857 0.0532
199006 -0.005924771 0.0128 -0.0214 -0.0139 0.0259 -0.0165 -0.0192 -0.0288 -0.0025 0.027 0.0241 -0.0145 -0.0193 -0.0136 -0.0255 -0.0287 -0.0288 -0.0051 0.0026
199007 -0.002429679 -0.0154 -0.0041 -0.0201 -0.0155 -0.0149 0.0079 -0.0208 -0.026 -0.0116 -0.0227 -0.0152 -0.0144 0.0232 -0.0105 -0.0288 -0.0111 -0.0215 -0.0337
199008 -0.09150666 -0.1012 -0.0835 -0.1015 -0.0942 -0.1093 -0.0748 -0.0944 -0.106 -0.0894 -0.103 -0.1197 -0.0963 -0.0722 -0.0781 -0.0941 -0.0948 -0.0991 -0.1179
199009 -0.048084135 -0.0609 -0.0415 -0.0666 -0.0574 -0.0532 -0.0342 -0.0691 -0.0754 -0.0636 -0.0458 -0.0702 -0.0324 -0.0372 -0.0303 -0.0821 -0.0537 -0.0634 -0.0968
199010 -0.003299478 -0.0011 -0.0226 -0.0026 0.0057 -0.0196 -0.0243 -0.0078 -0.0103 0.0085 0.0005 -0.0199 -0.0193 -0.0121 -0.0394 -0.022 0.0087 0.0007 -0.0308
199011 0.063355167 0.0748 0.0678 0.0515 0.0711 0.0761 0.0657 0.0693 0.0477 0.08 0.0542 0.0854 0.0652 0.063 0.0692 0.0805 0.0568 0.0543 0.035
199012 0.028055368 0.0378 0.025 0.0208 0.0352 0.0365 0.0224 0.0294 0.0173 0.0358 0.034 0.045 0.0263 0.0262 0.0174 0.0326 0.0257 0.0258 0.0007
199101 0.044333966 0.0653 0.0368 0.048 0.0598 0.0547 0.034 0.0587 0.0489 0.0533 0.0724 0.0807 0.0235 0.0183 0.0542 0.0693 0.0466 0.0394 0.0679
199102 0.069984873 0.0808 0.0686 0.0774 0.0844 0.0756 0.062 0.0715 0.0819 0.0812 0.0906 0.0709 0.0815 0.0608 0.0636 0.0719 0.071 0.0758 0.0937
199103 0.024736837 0.043 0.0149 0.0336 0.0493 0.0252 0.0086 0.0305 0.0276 0.0537 0.0413 0.0251 0.0255 0.0248 -0.0113 0.0207 0.0421 0.0335 0.0164
199104 0.003224463 -0.0028 0.0085 0.0052 -0.0025 0 0.0074 0.0151 0.0012 0.0005 -0.0082 -0.0035 0.0043 0.0153 -0.0026 0.019 0.0107 0.0052 -0.0064
199105 0.041454606 0.0464 0.0309 0.048 0.0426 0.0447 0.0285 0.0405 0.0553 0.0454 0.0372 0.0576 0.0288 0.025 0.0331 0.0427 0.0381 0.0367 0.0913
199106 -0.045122052 -0.049 -0.0421 -0.0374 -0.0454 -0.0523 -0.0405 -0.04 -0.0405 -0.0451 -0.0459 -0.0595 -0.0431 -0.0336 -0.0495 -0.0459 -0.0331 -0.0369 -0.0471
199107 0.047661134 0.0534 0.0398 0.0386 0.0621 0.0316 0.0409 0.0466 0.0322 0.0737 0.0364 0.0263 0.0356 0.0467 0.0331 0.0494 0.0441 0.0349 0.0283
199108 0.022330836 0.0343 0.0193 0.0237 0.0406 0.0111 0.0278 0.0215 0.0312 0.0438 0.0331 0.014 0.0089 0.02 0.0385 0.0261 0.0174 0.0454 0.0105
199109 -0.016513844 -0.0197 0.0009 -0.0172 -0.017 -0.0103 -0.0074 0.001 -0.0221 -0.0181 -0.0146 -0.0285 0.0035 -0.0135 0.0008 0.0168 -0.0131 -0.0151 -0.0325
199110 0.014464239 0.016 0.0176 0.018 0.0172 0.0098 0.0186 0.0274 0.0238 0.0228 0.0039 0.0122 0.008 0.0164 0.0214 0.0428 0.0131 0.031 0.0128
199111 -0.041354512 -0.0266 -0.0444 -0.056 -0.0162 -0.0532 -0.0482 -0.0363 -0.0684 -0.0014 -0.0515 -0.0616 -0.0471 -0.0496 -0.0463 -0.0265 -0.0455 -0.0656 -0.0727
199112 0.114279293 0.1414 0.0757 0.0872 0.1477 0.0895 0.0824 0.0738 0.111 0.1569 0.1243 0.1194 0.0676 0.0823 0.0824 0.0803 0.0674 0.1173 0.1011
199201 -0.017574268 -0.0159 -0.0067 0.0532 -0.0203 -0.0082 -0.0038 0.0163 0.084 -0.0298 0.0046 -0.0002 -0.0142 -0.0083 0.002 0.0064 0.0263 0.0549 0.1294
199202 0.011938058 0.0041 0.0097 0.069 0.0012 0.0027 0.0231 0.0369 0.0819 -0.0029 0.0117 0.014 -0.0062 0.0186 0.0289 0.0164 0.057 0.057 0.1183
199203 -0.019481489 -0.0303 -0.0128 -0.0102 -0.0352 -0.0175 -0.006 -0.0105 -0.009 -0.0345 -0.037 -0.013 -0.021 0.0025 -0.0169 -0.0097 -0.0113 -0.019 0.0046
199204 0.030568039 -0.0023 0.0419 0.0304 -0.0092 0.0406 0.0341 0.0219 0.0439 -0.0156 0.0067 0.0212 0.0562 0.0382 0.0289 0.0259 0.0181 0.0256 0.0671
199205 0.00356646 0.0078 0.005 0.0073 0.0095 0.0033 0.0054 0.0039 0.0129 0.0107 0.0067 0.002 0.0043 -0.0034 0.0169 0.0059 0.002 0.016 0.0092
199206 -0.014758548 -0.0275 -0.0135 0.0006 -0.0323 -0.0082 -0.0215 -0.0058 0.0007 -0.0349 -0.0262 -0.0112 -0.0058 -0.0253 -0.0166 -0.0125 0.0005 -0.01 0.0136
199207 0.041995572 0.042 0.0454 0.0236 0.0481 0.0373 0.0453 0.0359 0.0121 0.0506 0.0419 0.0225 0.0564 0.0481 0.0414 0.0347 0.0375 0.0332 -0.0097
199208 -0.021475629 -0.014 -0.0209 -0.0453 -0.0109 -0.03 -0.0089 -0.0293 -0.0647 -0.0113 -0.0098 -0.0242 -0.0372 -0.0085 -0.0093 -0.0343 -0.0224 -0.0396 -0.0917
199209 0.011690027 0.0161 0.0099 0.0126 0.0086 0.0322 0.0119 0.0043 0.0066 0.0015 0.0267 0.0409 0.0211 0.0059 0.0199 -0.0071 0.0194 0.0166 -0.0049
199210 0.004524002 0.0255 -0.0064 0.0104 0.0268 0.0168 -0.0097 -0.0062 0.0142 0.0228 0.0365 0.0216 0.0106 -0.0088 -0.0109 -0.0158 0.0062 0.0172 0.0106
199211 0.032673937 0.05 0.0288 0.0491 0.0476 0.053 0.0175 0.0337 0.0687 0.0434 0.0578 0.0577 0.047 0.0212 0.0127 0.0388 0.0272 0.0559 0.0837
199212 0.01244954 0.0086 0.0225 0.0366 -0.0012 0.0323 0.032 0.0143 0.0373 -0.0059 0.0103 0.0396 0.0227 0.0343 0.029 -0.0024 0.0357 0.0358 0.039
199301 0.009340673 -0.009 0.0171 0.0559 -0.0181 0.0139 0.0159 0.0328 0.0753 -0.0277 0.0049 0.0191 0.0069 0.0132 0.0194 0.0323 0.0333 0.0551 0.0982
199302 0.012762889 -0.0266 0.0375 0.0274 -0.0387 0.0162 0.0402 0.0395 0.0217 -0.0447 -0.0249 0.0094 0.0253 0.0376 0.0437 0.0438 0.0342 0.031 0.0116
199303 0.020952775 0.0181 0.0305 0.0288 0.0121 0.0365 0.0343 0.0155 0.0359 0.0073 0.0229 0.035 0.0386 0.031 0.0388 0.0116 0.0204 0.0226 0.0504
199304 -0.023003481 -0.0491 -0.0103 -0.0122 -0.0562 -0.0229 -0.0079 -0.0168 -0.0043 -0.06 -0.0475 -0.0295 -0.014 -0.0043 -0.0127 -0.0128 -0.0218 -0.0174 0.0096
199305 0.02519367 0.0423 0.0244 0.0113 0.0408 0.0451 0.0171 0.0169 0.0127 0.0447 0.0323 0.0463 0.0435 0.0154 0.0193 0.0229 0.0096 0.0188 0.0064
199306 0.00317609 -0.0087 0.0114 0.031 -0.0185 0.0081 0.0183 0.016 0.0375 -0.0189 -0.0177 0.0176 -0.0044 0.0118 0.0271 0.0105 0.0229 0.0332 0.0419
199307 -0.002951863 -0.0204 0.0118 0.0173 -0.0294 0.0041 0.0102 0.0243 0.0075 -0.037 -0.0188 0.004 0.0042 0.0075 0.0153 0.0214 0.0278 -0.0114 0.0279
199308 0.03681953 0.0363 0.0416 0.0336 0.0406 0.0283 0.0423 0.0415 0.0317 0.0359 0.047 0.0251 0.0335 0.0418 0.0431 0.0464 0.0356 0.0528 0.0097
199309 -0.007679447 -0.0034 0.0065 -0.0047 -0.0006 -0.0045 0.0021 0.0106 -0.0126 0.0018 -0.0039 -0.0109 0.0059 -0.0037 0.0129 0.0164 0.0034 -0.0165 -0.0083
199310 0.021637077 0.0307 -0.0001 0.0133 0.0388 0.0058 0 -0.0054 0.0371 0.0391 0.0384 0.0089 0.0009 0.0059 -0.0107 -0.0011 -0.0108 0.0232 0.0518
199311 -0.010709106 -0.004 -0.0265 -0.0159 0.003 -0.0204 -0.0283 -0.0317 0.0002 0.0063 -0.0014 -0.0231 -0.0159 -0.0261 -0.0324 -0.0306 -0.033 0.0018 -0.0014
199312 0.012321962 0.0151 0.0197 0.0244 0.01 0.0321 0.0164 0.0164 0.0289 0.0023 0.0205 0.0292 0.0367 0.012 0.0245 0.0141 0.0194 0.0265 0.0314
199401 0.034751664 0.02 0.0434 0.0334 0.0161 0.0354 0.0437 0.0296 0.0527 0.0055 0.0303 0.0307 0.0428 0.0469 0.0378 0.0431 0.0126 0.0437 0.0624
199402 -0.027864817 -0.0154 -0.0268 -0.0392 -0.016 -0.0114 -0.026 -0.0419 -0.0389 -0.014 -0.0185 -0.014 -0.0073 -0.0253 -0.0274 -0.0436 -0.0396 -0.039 -0.0387
199403 -0.043498998 -0.0485 -0.0391 -0.04 -0.0514 -0.0422 -0.0337 -0.0433 -0.0407 -0.0513 -0.0515 -0.0408 -0.0446 -0.0355 -0.0304 -0.0463 -0.0393 -0.026 -0.0563
199404 0.014088296 0.0026 0.0188 0.0154 0.0071 -0.0036 0.0254 0.0128 0.0199 0.0033 0.0121 -0.0095 0.0058 0.0223 0.031 0.0147 0.0103 0.0202 0.0196
199405 0.014925571 0.0108 0.0149 -0.0062 0.005 0.0228 0.013 0.0033 0.0016 0.0067 0.0027 0.0266 0.0167 0.0176 0.0047 0.0174 -0.015 0.0149 -0.0131
199406 -0.02429403 -0.0321 -0.0212 -0.0229 -0.0322 -0.0298 -0.0198 -0.0174 -0.0309 -0.0347 -0.0289 -0.032 -0.0263 -0.023 -0.0139 -0.0202 -0.0136 -0.0395 -0.0213
199407 0.033965827 0.0289 0.0311 0.0385 0.0247 0.0311 0.0306 0.0422 0.0376 0.0233 0.0265 0.0406 0.0161 0.0244 0.036 0.0434 0.0401 0.038 0.0367
199408 0.039999638 0.0604 0.0318 0.0272 0.0674 0.0484 0.0215 0.0323 0.0236 0.0739 0.0593 0.041 0.0604 0.0227 0.0205 0.0317 0.0336 0.0143 0.0443
199409 -0.024606299 -0.0098 -0.029 -0.0314 -0.0043 -0.0277 -0.0314 -0.0247 -0.0326 0.0021 -0.0126 -0.0251 -0.0319 -0.0323 -0.0306 -0.0222 -0.0293 -0.0372 -0.023
199410 0.023276737 0.0216 0.022 -0.0018 0.0279 0.0055 0.0232 0.0188 -0.002 0.032 0.0226 0.0034 0.0089 0.0178 0.0277 0.0296 -0.0014 -0.0029 -0.0002
199411 -0.037154478 -0.0303 -0.0435 -0.0314 -0.0242 -0.0454 -0.044 -0.0386 -0.0334 -0.0191 -0.0311 -0.0478 -0.0414 -0.0459 -0.0424 -0.0442 -0.028 -0.0324 -0.0355
199412 0.014745387 0.0132 0.0131 0.0127 0.0105 0.0165 0.0148 0.0108 0.0159 0.003 0.0207 0.021 0.009 0.013 0.0162 0.0128 0.0071 0.0216 0.0037
199501 0.026564227 0.0184 0.0259 0.03 0.0206 0.0147 0.0299 0.0269 0.0272 0.0183 0.0236 0.0119 0.0192 0.0343 0.0262 0.0226 0.035 0.0195 0.0435
199502 0.038306139 0.0398 0.0403 0.0409 0.0355 0.0528 0.0393 0.0368 0.0394 0.0308 0.0417 0.0527 0.0531 0.0351 0.0428 0.0333 0.0435 0.0404 0.0372
199503 0.029483723 0.0293 0.0304 0.0068 0.0272 0.0377 0.0264 0.0246 0.0031 0.0346 0.0177 0.0355 0.0412 0.0232 0.0292 0.0306 0.0132 0.0017 0.0061
199504 0.030356896 0.0198 0.0306 0.0342 0.0204 0.024 0.0293 0.0307 0.037 0.0173 0.0244 0.0182 0.0332 0.0321 0.027 0.0313 0.0294 0.0391 0.0325
199505 0.038643009 0.0329 0.0342 0.0484 0.0326 0.03 0.0332 0.0421 0.0538 0.0279 0.0388 0.0338 0.0239 0.0306 0.0354 0.0438 0.0389 0.0603 0.0398
199506 0.023528496 0.0424 0.0208 0.0168 0.0476 0.0311 0.0125 0.0222 0.0169 0.0525 0.0411 0.0272 0.0373 0.0141 0.0112 0.0251 0.0165 0.0136 0.0241
199507 0.033923478 0.0436 0.0415 0.03 0.0472 0.0325 0.0449 0.0451 0.0235 0.0461 0.0489 0.0351 0.0288 0.04 0.0501 0.0488 0.0403 0.0286 0.0184
199508 0.0017615 0.0023 0.0137 0.0253 -0.0022 0.0158 0.0049 0.0251 0.0292 0.0024 -0.0094 0.013 0.0199 0.0104 -0.0009 0.0297 0.019 0.0344 0.0241
199509 0.042179886 0.046 0.0314 0.0349 0.043 0.0458 0.0243 0.0386 0.0384 0.0429 0.0433 0.0531 0.0351 0.0271 0.0213 0.0455 0.0294 0.0336 0.0432
199510 -0.002960101 -0.0014 -0.0169 -0.0218 -0.0022 -0.0106 -0.008 -0.0261 -0.0202 0.0022 -0.0092 0.0004 -0.027 -0.015 -0.0005 -0.0273 -0.0244 -0.0202 -0.0202
199511 0.043078028 0.0394 0.0505 0.0412 0.047 0.0314 0.0469 0.0579 0.0366 0.0432 0.053 0.0215 0.0468 0.0502 0.0435 0.0647 0.0486 0.0422 0.031
199512 0.019393199 0.0041 0.025 0.0264 -0.0015 0.025 0.0247 0.0172 0.0278 -0.0087 0.0098 0.0176 0.0363 0.0253 0.024 0.0122 0.0241 0.0188 0.0371
199601 0.034484188 0.0278 0.0284 0.025 0.0277 0.0334 0.0229 0.0251 0.0262 0.0225 0.0359 0.0279 0.0415 0.0202 0.0257 0.0266 0.0231 0.0339 0.0185
199602 0.008742112 0.0223 0.0177 0.0018 0.024 0.0138 0.0214 0.0115 0.0045 0.0265 0.02 0.0183 0.0072 0.0225 0.0201 0.0214 -0.0026 0.0124 -0.0036
199603 0.009712332 0.0036 0.0167 0.0217 0.0067 0.0038 0.0159 0.0287 0.011 0.0083 0.0043 -0.0037 0.0147 0.025 0.0059 0.0213 0.0397 0.0073 0.015
199604 0.015383303 0.0344 0.0159 0 0.0313 0.0316 0.0149 0.012 -0.0027 0.0415 0.0152 0.0418 0.0171 0.0148 0.015 0.0172 0.0044 -0.0072 0.0017
199605 0.02477942 0.0401 0.013 0.0229 0.0414 0.0285 0.0094 0.0224 0.0193 0.045 0.0356 0.0369 0.0163 0.0017 0.0177 0.0181 0.0286 0.0132 0.0252
199606 0.004139781 -0.0058 -0.0042 -0.004 -0.0093 0.0016 -0.0061 -0.009 0.003 -0.0073 -0.0128 0.0025 0.0002 -0.0031 -0.0092 -0.0048 -0.015 0.0115 -0.0053
199607 -0.043809458 -0.0623 -0.0401 -0.0525 -0.0654 -0.0499 -0.0415 -0.0342 -0.0576 -0.0624 -0.0697 -0.0525 -0.0463 -0.0512 -0.0287 -0.0254 -0.0445 -0.0593 -0.0557
199608 0.021126713 0.0244 0.0395 0.0365 0.0281 0.025 0.0415 0.0341 0.0364 0.0373 0.0153 0.0133 0.0407 0.0394 0.0442 0.0318 0.0367 0.0401 0.0322
199609 0.056166237 0.0663 0.0443 0.0187 0.0694 0.0524 0.0456 0.0292 0.0177 0.0799 0.0544 0.0568 0.0468 0.0333 0.0614 0.0366 0.0202 0.0232 0.0115
199610 0.027571207 0.0023 0.0311 0.0353 -0.0038 0.019 0.0391 0.0368 0.0324 -0.007 0.0009 0.0215 0.0157 0.0357 0.0433 0.0343 0.0399 0.0278 0.0375
199611 0.075517202 0.0684 0.0755 0.054 0.0688 0.066 0.0832 0.0632 0.0544 0.0618 0.0791 0.0671 0.0645 0.0662 0.1044 0.0712 0.0534 0.0467 0.0629
199612 -0.019814258 -0.0157 -0.0095 -0.0044 -0.0161 -0.0122 -0.0135 -0.0031 -0.0018 -0.027 -0.0005 -0.0145 -0.0092 -0.005 -0.0233 0.0012 -0.0085 -0.002 -0.0016
199701 0.062437458 0.0646 0.0494 0.0303 0.0697 0.0522 0.0452 0.0436 0.0268 0.0743 0.0633 0.0488 0.0566 0.0444 0.046 0.0496 0.036 0.0255 0.0282
199702 0.007848164 -0.0042 0.0036 0.0192 -0.0057 -0.0002 -0.0006 0.0189 0.0225 -0.0133 0.0051 0.0005 -0.001 -0.0053 0.0049 0.0227 0.0142 0.0214 0.0237
199703 -0.041008015 -0.0571 -0.0267 -0.0396 -0.0601 -0.0419 -0.0184 -0.04 -0.0372 -0.0684 -0.0484 -0.0478 -0.034 0.0047 -0.0451 -0.0374 -0.0434 -0.0328 -0.0421
199704 0.059647055 0.0606 0.0403 0.0133 0.0636 0.0413 0.0442 0.0337 0.0122 0.0844 0.0351 0.0512 0.0288 0.0334 0.0574 0.0481 0.015 0.0042 0.0212
199705 0.060835539 0.0752 0.0628 0.0626 0.0752 0.0746 0.0571 0.0631 0.0607 0.086 0.0595 0.0752 0.0738 0.0564 0.058 0.0613 0.0656 0.0671 0.0536
199706 0.04477309 0.0412 0.0476 0.0346 0.0401 0.0478 0.0446 0.044 0.0329 0.0511 0.0239 0.0446 0.052 0.0324 0.0594 0.0489 0.0373 0.0405 0.0244
199707 0.079524042 0.0756 0.0844 0.0664 0.0758 0.084 0.0833 0.0679 0.0653 0.073 0.0802 0.0749 0.0924 0.0847 0.0806 0.0678 0.0681 0.0655 0.0651
199708 -0.055978618 -0.0515 -0.028 -0.014 -0.0572 -0.0263 -0.03 -0.028 -0.009 -0.0598 -0.0531 -0.0302 -0.0228 -0.0349 -0.0206 -0.034 -0.0219 -0.0116 -0.0065
199709 0.054732027 0.0536 0.0623 0.0597 0.0519 0.0588 0.0611 0.069 0.0601 0.0513 0.0529 0.0598 0.058 0.0565 0.0699 0.0789 0.059 0.0549 0.0649
199710 -0.033358584 -0.0364 -0.0316 -0.0261 -0.0318 -0.0473 -0.031 -0.0167 -0.0253 -0.0249 -0.0426 -0.0531 -0.0421 -0.0287 -0.0355 -0.0062 -0.0275 -0.0376 -0.014
199711 0.046259794 0.0428 0.0287 0.0277 0.0408 0.0499 0.015 0.0278 0.0251 0.0347 0.0505 0.0503 0.0495 0.0061 0.0323 0.0241 0.0318 0.0297 0.021
199712 0.017165514 0.0077 0.0276 0.0396 0.0055 0.0215 0.0248 0.0332 0.0482 0.0027 0.0098 0.0158 0.0265 0.0185 0.0367 0.0403 0.0257 0.045 0.0512
199801 0.011049591 0.0274 -0.0191 -0.0082 0.0322 -0.0033 -0.0289 -0.0057 -0.0036 0.0442 0.0134 0.0095 -0.0147 -0.0316 -0.0241 0.0037 -0.0159 -0.0153 0.0069
199802 0.072082701 0.0733 0.0779 0.0668 0.0778 0.0617 0.0864 0.0737 0.0654 0.0788 0.0761 0.0566 0.0664 0.0921 0.0761 0.0779 0.0691 0.0484 0.0805
199803 0.0511674 0.0462 0.0541 0.0648 0.045 0.0522 0.0513 0.06 0.0711 0.0434 0.0477 0.0505 0.0537 0.0556 0.0434 0.0652 0.0542 0.0642 0.077
199804 0.01005582 0.011 0.0165 0.0061 0.0101 0.0115 0.0235 0.0105 0.0045 0.0092 0.0115 0.0146 0.0088 0.0286 0.0139 0.0122 0.0087 -0.0035 0.0113
199805 -0.01716483 -0.0293 -0.0244 0.0029 -0.0287 -0.0266 -0.0308 -0.0012 0.0005 -0.0282 -0.0295 -0.0317 -0.0219 -0.0293 -0.0337 -0.0085 0.0071 -0.0318 0.0273
199806 0.040589648 0.0548 0.0167 0.0154 0.0683 0.008 0.0154 0.0183 0.0214 0.0809 0.0479 0.0022 0.0131 0.0181 0.0104 0.03 0.0053 0.0052 0.0348
199807 -0.010621428 -0.0085 -0.037 -0.0432 -0.0104 -0.012 -0.0461 -0.0512 -0.0295 -0.0166 -0.0001 -0.0025 -0.0257 -0.0475 -0.0443 -0.0369 -0.0664 -0.0277 -0.0324
199808 -0.144430564 -0.1507 -0.1743 -0.1236 -0.145 -0.1749 -0.1784 -0.1366 -0.1163 -0.1492 -0.138 -0.1682 -0.1847 -0.1862 -0.169 -0.1369 -0.1363 -0.1348 -0.0862
199809 0.064063806 0.0772 0.0412 0.0545 0.0841 0.0413 0.0522 0.0502 0.0629 0.0931 0.0695 0.0556 0.0198 0.0515 0.053 0.0608 0.0395 0.0682 0.0547
199810 0.081268621 0.0813 0.0735 0.0455 0.0759 0.0978 0.0691 0.0464 0.0411 0.0617 0.0994 0.0992 0.0955 0.0804 0.0559 0.0393 0.0537 0.051 0.0256
199811 0.060583251 0.0721 0.0567 0.0403 0.0772 0.0573 0.0593 0.0393 0.042 0.0856 0.0637 0.0557 0.0599 0.0611 0.0572 0.0413 0.0372 0.0434 0.0399
199812 0.057587034 0.086 0.0202 0.0308 0.0924 0.0451 0.0192 0.0341 0.034 0.0981 0.083 0.0647 0.0122 0.0166 0.0221 0.0435 0.0251 0.0329 0.0356
199901 0.041800965 0.0565 -0.0041 -0.0084 0.0587 0.0243 0.0085 -0.0204 0.0082 0.0754 0.0311 0.0494 -0.0211 0.005 0.0129 -0.0031 -0.0374 -0.0042 0.0269
199902 -0.031074365 -0.0441 -0.0203 -0.03 -0.0532 -0.0171 -0.0122 -0.0266 -0.0367 -0.0485 -0.0611 -0.0133 -0.0245 -0.0079 -0.0174 -0.0355 -0.0177 -0.033 -0.0421
199903 0.039998223 0.0406 0.0322 0.0063 0.0471 0.0151 0.053 0.0171 0.0033 0.0621 0.0212 0.0187 0.0081 0.0438 0.0646 0.0226 0.0116 -0.0088 0.0211
199904 0.038724473 0.0203 0.0952 0.0808 0.0059 0.0825 0.0937 0.0825 0.0742 -0.0141 0.0419 0.07 0.1074 0.1116 0.0715 0.0726 0.0925 0.0794 0.0667
199905 -0.023580341 -0.0241 -0.0052 0.0045 -0.0293 -0.0082 -0.0131 0.017 0.0061 -0.0334 -0.0223 -0.0072 -0.0102 -0.0268 0.0046 0.0325 0.0015 -0.0068 0.025
199906 0.055453051 0.068 0.0302 -0.0011 0.0669 0.0554 0.0384 0.0066 0.001 0.0628 0.0739 0.0716 0.0244 0.052 0.021 0.0176 -0.0048 0.0154 -0.0193
199907 -0.031194498 -0.0305 -0.0318 -0.0224 -0.0306 -0.036 -0.017 -0.029 -0.026 -0.0379 -0.0133 -0.0301 -0.0475 -0.0128 -0.0228 -0.0359 -0.0176 -0.0326 -0.0088
199908 -0.004950629 -0.0036 -0.027 -0.0237 0.0047 -0.0405 -0.0239 -0.0192 -0.0207 0.0249 -0.0424 -0.0413 -0.039 -0.0158 -0.0352 -0.0138 -0.0278 -0.0164 -0.0316
199909 -0.027380132 -0.0185 -0.05 -0.0416 -0.016 -0.0317 -0.0506 -0.0616 -0.0431 -0.0189 -0.0085 -0.0307 -0.0337 -0.0419 -0.063 -0.0752 -0.0397 -0.0531 -0.0171
199910 0.06325358 0.0697 0.0488 0.0284 0.0688 0.0791 0.0304 0.0241 0.0268 0.0809 0.0379 0.0738 0.09 0.0186 0.0475 0.0199 0.0306 0.0364 0.0026
199911 0.020326796 0.0443 -0.0204 -0.0075 0.0509 -0.0004 -0.0055 -0.0321 -0.0017 0.051 0.0507 0.0123 -0.0258 -0.0059 -0.0049 -0.043 -0.0152 0.0008 -0.0086
199912 0.058861265 0.0837 0.0189 0.0276 0.0926 0.026 0.0321 0.0199 0.0258 0.1069 0.0543 0.0364 0.0056 0.0331 0.0308 0.0133 0.03 0.0194 0.0441
200001 -0.050236515 -0.0473 -0.0309 -0.0298 -0.049 -0.0389 -0.0199 -0.0394 -0.0211 -0.0537 -0.0356 -0.038 -0.0407 -0.0031 -0.0432 -0.038 -0.0415 -0.0193 -0.0262
200002 -0.018909829 0.0233 -0.0307 -0.0239 0.0319 -0.0248 -0.0306 -0.0342 -0.0236 0.0439 -0.0014 -0.0245 -0.0253 -0.0476 -0.0062 -0.0407 -0.0242 -0.0271 -0.0141
200003 0.097765694 0.0755 0.0972 0.0782 0.075 0.0858 0.0911 0.0994 0.0668 0.0709 0.0871 0.078 0.1015 0.0961 0.0843 0.1032 0.0938 0.0578 0.0919
200004 -0.030075138 -0.0476 -0.0113 0.0195 -0.0508 -0.0339 -0.0089 0.0321 0.0234 -0.0604 -0.0231 -0.0287 -0.0442 -0.0058 -0.0129 0.0438 0.0144 0.0427 -0.0297
200005 -0.020527667 -0.037 0.0087 -0.0118 -0.0423 0.008 -0.004 -0.0071 -0.0227 -0.0402 -0.048 -0.0066 0.0371 0.0114 -0.0233 -0.0133 0.0027 -0.0324 0.0056
200006 0.024657187 0.0537 -0.0404 -0.0212 0.0688 -0.0338 -0.034 -0.0319 -0.031 0.0886 0.0143 -0.0285 -0.0439 -0.0375 -0.0291 -0.0472 -0.0089 -0.042 -0.0012
200007 -0.015620102 -0.032 0.0315 0.0399 -0.0347 0.0099 0.0281 0.0475 0.033 -0.0496 0.0148 -0.0051 0.0293 0.0326 0.0224 0.0444 0.0531 0.042 0.0025
200008 0.062079353 0.0758 0.0808 0.07 0.0771 0.0803 0.0715 0.0575 0.0726 0.082 0.0619 0.0628 0.1021 0.0745 0.0677 0.0535 0.065 0.0798 0.0474
200009 -0.052779901 -0.0618 0.0176 0.0087 -0.0646 -0.0158 0.0129 0.0484 -0.0053 -0.0812 -0.0118 -0.0343 0.0063 0.0174 0.0072 0.0554 0.0358 -0.0013 -0.0196
200010 -0.00424153 -0.0244 0.0069 0.0026 -0.0252 0.0014 -0.0122 0.004 0.0124 -0.0396 0.0171 -0.0165 0.022 0.0236 -0.0587 0.0141 -0.0151 0.0166 -0.0027
200011 -0.078782006 -0.1097 -0.0315 -0.005 -0.1117 -0.0644 -0.0382 -0.0016 -0.0152 -0.1323 -0.0542 -0.0909 -0.0351 -0.0358 -0.0414 -0.0097 0.0141 -0.0119 -0.027
200012 0.00490589 -0.0026 0.0929 0.0694 -0.0125 0.0931 0.0909 0.0926 0.0562 -0.0253 0.0204 0.0915 0.0947 0.1212 0.0491 0.093 0.0919 0.0564 0.0556
200101 0.03545763 0.0402 0.0148 0.0031 0.0383 0.0368 0.0262 -0.0101 0.0125 0.048 0.015 0.0565 0.0155 0.0142 0.0449 -0.009 -0.0123 -0.0035 0.0695
200102 -0.091123052 -0.1163 -0.0046 0.0265 -0.1229 -0.0354 -0.0077 0.02 0.0235 -0.1475 -0.0616 -0.0584 -0.0103 -0.0144 0.0024 0.0139 0.0315 0.0245 0.0197
200103 -0.06331516 -0.0816 -0.0171 -0.016 -0.0873 -0.0249 -0.0156 -0.0264 -0.0083 -0.1049 -0.0475 -0.0345 -0.0148 -0.0061 -0.0296 -0.0252 -0.0287 -0.0092 -0.0048
200104 0.0776486 0.0902 0.0522 0.0524 0.0951 0.0573 0.0411 0.0532 0.0512 0.1104 0.0624 0.0525 0.0623 0.03 0.0577 0.0525 0.0546 0.0505 0.0535
200105 0.006708498 0.0051 0.0222 0.0433 0.0045 0.0216 0.017 0.0194 0.043 -0.0019 0.0189 0.0093 0.0341 0.0264 0.0032 0.0063 0.044 0.0417 0.048
200106 -0.02432992 -0.0178 -0.0098 -0.0093 -0.0169 -0.0228 0 -0.0087 -0.0046 -0.017 -0.0168 -0.0246 -0.021 -0.002 0.0031 -0.0041 -0.017 0.0013 -0.0266
200107 -0.009847928 -0.0203 -0.0169 0.0055 -0.0214 -0.0109 -0.0207 -0.0151 0.0186 -0.0217 -0.0208 -0.0111 -0.0108 -0.0255 -0.0167 -0.0175 -0.0127 -0.0155 0.0677
200108 -0.062538907 -0.0701 -0.038 -0.0536 -0.0733 -0.0424 -0.0397 -0.0324 -0.0594 -0.0798 -0.0609 -0.0435 -0.0414 -0.0349 -0.0437 -0.0196 -0.0451 -0.0551 -0.0652
200109 -0.080745955 -0.0865 -0.0941 -0.0929 -0.0821 -0.1059 -0.0945 -0.0933 -0.098 -0.0764 -0.0929 -0.1221 -0.0914 -0.0936 -0.0952 -0.1007 -0.0857 -0.099 -0.0966
200110 0.01907987 0.0363 0.0125 -0.0202 0.0407 0.0068 0.0107 0.0154 -0.0434 0.0448 0.0327 -0.0003 0.0132 -0.0044 0.0234 0.0185 0.0124 -0.0026 -0.0979
200111 0.076687614 0.083 0.0602 0.0973 0.0812 0.0757 0.0599 0.074 0.1166 0.0871 0.0696 0.0987 0.0552 0.0669 0.0542 0.0759 0.0721 0.0989 0.1421
200112 0.008765633 0.0089 0.0344 0.0276 0.005 0.0314 0.0399 0.0327 0.0372 -0.0051 0.025 0.0433 0.0203 0.0403 0.0396 0.0506 0.0143 0.0354 0.0397
200201 -0.014585221 -0.0099 -0.0162 -0.0064 -0.0098 -0.0168 -0.019 0.0108 -0.0167 -0.0166 0.0034 -0.0109 -0.0225 -0.017 -0.0206 0.0132 0.0082 -0.0255 -0.0044
200202 -0.019289506 -0.0274 -0.0007 -0.0198 -0.0304 0.0036 0.0074 -0.0292 -0.0383 -0.0292 -0.0327 -0.002 0.009 0.0214 -0.0042 -0.0619 0.0055 -0.0199 -0.0629
200203 0.03761351 0.0382 0.0547 0.0632 0.034 0.059 0.0556 0.0705 0.061 0.0238 0.0532 0.0724 0.0463 0.0636 0.0488 0.0749 0.0661 0.0536 0.0714
200204 -0.060601016 -0.0686 -0.0095 -0.0324 -0.0749 -0.021 -0.0015 -0.0043 -0.055 -0.0805 -0.0648 -0.0187 -0.0233 -0.0141 0.0092 -0.0058 -0.0028 -0.063 -0.0438
200205 -0.007341307 -0.0158 -0.0041 -0.0096 -0.0163 -0.0051 -0.0042 -0.0099 -0.0179 -0.0256 0.0007 -0.0122 0.0021 -0.0113 0.0017 -0.0206 0.0008 -0.0062 -0.0337
200206 -0.071205278 -0.0735 -0.0608 -0.0733 -0.0763 -0.0528 -0.067 -0.0473 -0.0998 -0.0669 -0.0929 -0.0525 -0.0531 -0.0598 -0.0729 -0.0539 -0.0408 -0.1025 -0.0959
200207 -0.077931341 -0.0642 -0.0996 -0.1328 -0.06 -0.092 -0.1008 -0.1103 -0.1354 -0.0506 -0.0787 -0.0837 -0.0997 -0.0963 -0.1086 -0.0968 -0.1289 -0.129 -0.1532
200208 0.006546587 0.0022 0.0073 0.0377 0.0009 0.0039 0.0094 0.0239 0.0443 0.0025 -0.0022 0.0081 -0.0002 0.0031 0.0204 0.0214 0.0276 0.0463 0.0386
200209 -0.108582314 -0.106 -0.0995 -0.0948 -0.1052 -0.1116 -0.0929 -0.0842 -0.0976 -0.0964 -0.1233 -0.1097 -0.1134 -0.0904 -0.0972 -0.0798 -0.0905 -0.0802 -0.1479
200210 0.087945246 0.0956 0.0627 0.03 0.1009 0.0757 0.0497 0.0319 0.0436 0.1052 0.0918 0.07 0.0811 0.0345 0.0771 0.0476 0.0094 0.0536 0.0124
200211 0.058789528 0.0544 0.0656 0.08 0.0564 0.057 0.0689 0.0569 0.0884 0.0514 0.0672 0.0444 0.0689 0.071 0.0649 0.0503 0.0669 0.0861 0.0958
200212 -0.058717732 -0.0645 -0.0451 -0.0413 -0.0713 -0.0416 -0.0438 -0.0271 -0.0529 -0.0694 -0.0754 -0.0303 -0.0521 -0.0469 -0.038 -0.0302 -0.0227 -0.0651 -0.0131
200301 -0.026146257 -0.0268 -0.0229 -0.0461 -0.026 -0.0267 -0.0219 -0.0248 -0.0598 -0.0275 -0.0227 -0.0306 -0.023 -0.0249 -0.0163 -0.0248 -0.0248 -0.0588 -0.0626
200302 -0.015026294 -0.0117 -0.0312 -0.0404 -0.0095 -0.0255 -0.036 -0.0293 -0.0457 -0.0021 -0.0253 -0.022 -0.0288 -0.0471 -0.0154 -0.0271 -0.0326 -0.0418 -0.0576
200303 0.009681983 0.0172 0.0014 -0.0025 0.0233 -0.0092 0.0089 0.0113 -0.0197 0.0338 0.0002 -0.0129 -0.0057 0.0114 0.0044 0.0031 0.0231 -0.0254 -0.0017
200304 0.082331581 0.0786 0.0904 0.0954 0.0807 0.0778 0.093 0.0846 0.1114 0.0687 0.1091 0.068 0.087 0.1038 0.0734 0.0931 0.0725 0.1202 0.0845
200305 0.052637089 0.0535 0.0748 0.085 0.0471 0.0791 0.0794 0.0762 0.0853 0.0315 0.0825 0.0863 0.0725 0.0709 0.0952 0.0706 0.0844 0.0848 0.0869
200306 0.012775143 0.0127 0.0151 0.0185 0.0118 0.0203 0.0107 0.0045 0.0271 0.0137 0.0077 0.0168 0.0237 0.0153 0.0024 0.0036 0.0057 0.0192 0.0521
200307 0.017639815 0.0255 0.0229 0.0133 0.0227 0.0357 0.014 0.0151 0.0175 0.0094 0.0487 0.0346 0.0376 0.0129 0.0154 0.0217 0.0093 0.0171 0.0184
200308 0.019463602 0.0197 0.0259 0.0426 0.0216 0.0213 0.0191 0.0346 0.0481 0.0102 0.0429 0.0136 0.0336 0.0262 0.0098 0.0314 0.0373 0.0352 0.0793
200309 -0.010588189 -0.0082 -0.0188 -0.0111 -0.0082 -0.0118 -0.0164 -0.0189 -0.011 -0.0021 -0.0194 -0.008 -0.0179 -0.0214 -0.0097 -0.0276 -0.0112 -0.0172 0.0034
200310 0.05654086 0.0534 0.0761 0.0694 0.0486 0.0724 0.0792 0.0683 0.0658 0.036 0.0719 0.0689 0.0779 0.083 0.0741 0.063 0.0729 0.0523 0.0967
200311 0.008788343 0.0095 0.0203 0.0251 0.0084 0.0176 0.0168 0.0182 0.0354 0.0048 0.0148 0.0131 0.0247 0.0236 0.0079 0.022 0.015 0.0336 0.0396
200312 0.052407862 0.0409 0.0452 0.0601 0.0337 0.0554 0.0452 0.0511 0.0695 0.0353 0.0308 0.0639 0.0421 0.0332 0.0612 0.0514 0.0508 0.0517 0.1082
200401 0.01835114 0.017 0.0243 0.0342 0.0183 0.0177 0.0249 0.0269 0.0358 0.0135 0.0271 0.0128 0.0254 0.0286 0.0199 0.0203 0.0326 0.0467 0.0132
200402 0.013894955 0.012 0.0215 0.0155 0.0087 0.0221 0.0241 0.0095 0.0249 0.0163 -0.0048 0.0225 0.0215 0.0344 0.0105 0.0138 0.0059 0.0384 -0.0039
200403 -0.015084633 -0.0172 -0.0035 -0.0095 -0.0181 -0.0107 -0.0087 0.0034 -0.0112 -0.0149 -0.024 -0.0142 -0.0053 -0.0153 0.0002 0.0163 -0.0077 -0.0164 0.0004
200404 -0.01567736 -0.0088 -0.032 -0.0253 -0.0042 -0.0247 -0.0324 -0.0326 -0.0239 0.0093 -0.0286 -0.0227 -0.0277 -0.0266 -0.0394 -0.0395 -0.0267 -0.0269 -0.0173
200405 0.013695475 0.0143 0.0081 0.0112 0.0171 0.0107 0.0044 0.0036 0.0136 0.0108 0.0289 0.0057 0.0185 0.0016 0.0078 -0.0025 0.0087 0.0152 0.01
200406 0.019439091 0.0132 0.0254 0.0317 0.0121 0.0231 0.0189 0.025 0.0411 0.0085 0.0188 0.0167 0.0331 0.0125 0.0268 0.0288 0.0219 0.0344 0.0558
200407 -0.033093159 -0.0526 -0.0217 -0.0186 -0.0533 -0.0314 -0.0297 -0.02 -0.0171 -0.0651 -0.0318 -0.0494 -0.0161 -0.0211 -0.0399 -0.0189 -0.0215 -0.0129 -0.0246
200408 0.004016447 -0.0031 0.0075 0.006 -0.007 0.0118 0.0067 0.0047 0.0038 -0.0127 0.003 0.0125 0.0113 0.0134 -0.0012 0.0008 0.0101 0.0103 -0.0079
200409 0.010821923 0.0079 0.0254 0.0304 0.0071 0.0169 0.0365 0.0209 0.0297 0.0067 0.0077 0.0113 0.0216 0.0374 0.0354 0.013 0.0318 0.0268 0.035
200410 0.015277504 0.0188 0.0101 0.0177 0.0169 0.0141 0.0213 0.003 0.0249 0.0164 0.0179 0.0261 0.0042 0.0269 0.0145 0.0017 0.0046 0.023 0.0288
200411 0.040448593 0.0384 0.0569 0.0615 0.0318 0.0583 0.0572 0.0588 0.0667 0.0313 0.0326 0.0641 0.0533 0.0626 0.0506 0.0639 0.0519 0.0623 0.0757
200412 0.034017993 0.0405 0.0255 0.0373 0.0388 0.0351 0.0205 0.0368 0.0378 0.0423 0.0328 0.0471 0.0246 0.0129 0.0299 0.0371 0.0364 0.0369 0.0396
200501 -0.024374546 -0.032 -0.0196 -0.0139 -0.0349 -0.0204 -0.0144 -0.0233 -0.0132 -0.0342 -0.0362 -0.0209 -0.0198 -0.0086 -0.0213 -0.0291 -0.0152 -0.013 -0.0135
200502 0.021032448 0.008 0.0404 0.0327 0.0065 0.0363 0.0339 0.0188 0.0397 0.005 0.0092 0.0134 0.0564 0.0387 0.028 0.0185 0.0192 0.0369 0.0453
200503 -0.017689432 -0.014 -0.0277 -0.0027 -0.0129 -0.0315 -0.0163 -0.0131 0.0004 -0.0142 -0.0107 -0.0183 -0.0426 -0.0221 -0.009 -0.0163 -0.0088 0.0043 -0.0078
200504 -0.018956623 -0.0169 -0.0327 -0.0289 -0.0163 -0.026 -0.0423 -0.0196 -0.0307 -0.0102 -0.0271 -0.0191 -0.032 -0.0495 -0.0335 -0.0154 -0.0253 -0.0244 -0.0441
200505 0.031790638 0.0416 0.0336 0.0363 0.0436 0.0329 0.0402 0.027 0.0389 0.0452 0.0409 0.0337 0.0322 0.0366 0.0446 0.0239 0.0313 0.0363 0.0444
200506 0.001432648 -0.0076 0.0226 0.0295 -0.0106 0.0132 0.0232 0.0259 0.03 -0.0126 -0.0071 0.0038 0.0213 0.0216 0.0252 0.024 0.0285 0.0263 0.0383
200507 0.03717274 0.0479 0.0303 0.0446 0.0495 0.029 0.0384 0.0374 0.0515 0.0413 0.0605 0.0429 0.0166 0.05 0.0302 0.0396 0.0351 0.0501 0.0544
200508 -0.009119415 -0.0175 -0.0021 -0.0011 -0.0183 -0.0075 -0.0022 -0.0089 0.0077 -0.0217 -0.0139 -0.015 -0.0009 0.0025 -0.0056 -0.0045 -0.0135 0.0219 -0.0218
200509 0.008095351 -0.0013 0.0161 0.0187 -0.0029 0.0129 0.0107 0.0151 0.0238 0.0056 -0.014 0.0038 0.0209 0.0164 0.0066 0.0186 0.0113 0.0326 0.0046
200510 -0.016679552 -0.006 -0.0271 -0.0278 -0.0075 -0.0252 -0.0137 -0.0121 -0.0437 -0.0058 -0.0098 -0.0011 -0.0462 -0.0364 0.0033 -0.019 -0.0047 -0.0442 -0.0426
200511 0.037784277 0.0439 0.0392 0.0246 0.0431 0.0416 0.0406 0.0411 0.0118 0.0345 0.0546 0.0462 0.0374 0.0376 0.0427 0.0395 0.0428 0.0093 0.0175
200512 0.000354547 -0.0066 0.009 0.0034 -0.0081 0.0049 0.0091 0.0037 0.0037 -0.0047 -0.0126 -0.002 0.0113 0.0026 0.0138 0.0043 0.003 0.0011 0.0096
200601 0.026477021 0.0189 0.0464 0.0497 0.0236 0.0281 0.0381 0.0419 0.0665 0.0192 0.0293 0.004 0.0506 0.0581 0.024 0.0564 0.0264 0.0717 0.0552
200602 0.0027053 0.003 0.0025 -0.0099 -0.0005 0.0044 0.0037 0.0092 -0.0201 0.0005 -0.0019 0.0145 -0.0046 -0.0169 0.0188 0.013 0.005 -0.0283 -0.0022
200603 0.012445145 0.0188 0.0198 0.0133 0.0155 0.0213 0.0229 0.0159 0.0176 0.0175 0.013 0.0293 0.014 0.0346 0.0148 0.0237 0.0072 0.0164 0.0202
200604 0.01341875 -0.0033 0.0216 0.0323 -0.007 0.0177 0.0218 0.0232 0.0301 -0.0063 -0.0078 0.0083 0.0264 0.019 0.0239 0.0124 0.0353 0.0375 0.0146
200605 -0.028745393 -0.0352 -0.029 -0.0164 -0.0358 -0.0317 -0.0303 -0.0212 -0.0156 -0.0312 -0.0417 -0.0336 -0.0299 -0.0343 -0.0275 -0.0246 -0.0174 -0.0209 -0.0032
200606 0.001327465 -0.0033 0.0004 0.0161 0.0011 -0.0086 0.0007 0.0059 0.0209 0.0015 0.0007 -0.0169 -0.0011 0.0081 -0.0047 0.0026 0.0095 0.0258 0.0097
200607 0.006163596 -0.0167 0.008 0.0108 -0.0224 0.0073 0.005 0.0104 0.0022 -0.0276 -0.0164 -0.0011 0.0175 -0.0042 0.0178 0.0034 0.0203 0.005 -0.0038
200608 0.023757304 0.0355 0.0175 0.0103 0.0385 0.0215 0.0278 0.0054 0.0117 0.0392 0.0376 0.0275 0.0143 0.0337 0.0195 0.003 0.0088 0.0065 0.0229
200609 0.025754322 0.0258 0.0215 0.0164 0.0283 0.0185 0.0273 0.0099 0.0291 0.0314 0.0248 0.0191 0.0177 0.0298 0.0237 0.0152 0.0025 0.0303 0.0267
200610 0.032566531 0.0335 0.0328 0.0495 0.0338 0.0379 0.028 0.0361 0.0527 0.0403 0.0265 0.0325 0.0445 0.027 0.0293 0.029 0.046 0.0547 0.0486
200611 0.018987764 0.015 0.0273 0.0215 0.0128 0.0286 0.0203 0.0291 0.0142 0.0198 0.0047 0.0211 0.0378 0.0169 0.025 0.0288 0.0297 0.0141 0.0146
200612 0.014028687 0.0034 0.0172 0.0272 -0.003 0.0168 0.0183 0.0223 0.0292 -0.0072 0.002 0.0207 0.0122 0.0251 0.0088 0.0204 0.0249 0.0324 0.0224
200701 0.015108228 0.0228 0.0115 0.0198 0.0244 0.0142 0.0096 0.0151 0.0276 0.0294 0.0185 0.0187 0.0086 0.0195 -0.0044 0.0182 0.0109 0.0233 0.0367
200702 -0.019500222 -0.0184 -0.0145 -0.0125 -0.0197 -0.009 -0.0287 -0.0057 -0.0149 -0.0251 -0.0132 -0.0149 -0.0017 -0.0381 -0.015 -0.0027 -0.0098 -0.009 -0.0274
200703 0.011159921 0.007 0.0135 0.0188 0.0053 0.0142 0.009 0.0182 0.0183 0.0141 -0.0051 0.0114 0.0176 0.0133 0.0029 0.0172 0.0194 0.0184 0.0182
200704 0.044282336 0.0465 0.0368 0.0319 0.0502 0.0384 0.037 0.0332 0.0297 0.0483 0.0524 0.0367 0.0405 0.0391 0.0342 0.0324 0.0343 0.0261 0.0376
200705 0.034860392 0.0309 0.0406 0.0384 0.0292 0.0401 0.0373 0.0361 0.0463 0.0335 0.024 0.0355 0.0458 0.0392 0.0346 0.041 0.0297 0.0565 0.0243
200706 -0.016602423 -0.0115 -0.019 -0.0219 -0.0144 -0.0037 -0.0305 -0.0188 -0.0209 -0.0187 -0.0092 -0.0039 -0.0035 -0.0334 -0.0264 -0.0156 -0.023 -0.0354 0.0112
200707 -0.030967506 -0.0185 -0.0446 -0.0507 -0.016 -0.0259 -0.048 -0.0613 -0.0445 -0.0081 -0.0253 -0.0237 -0.0294 -0.0652 -0.0342 -0.0618 -0.0609 -0.0375 -0.054
200708 0.014968356 0.0161 0.023 -0.0053 0.0137 0.0225 0.0251 0.0072 -0.0102 0.0197 0.0065 0.0215 0.0241 0.0258 0.0247 0.0134 0.0026 -0.0028 -0.0204
200709 0.037359819 0.0438 0.026 0.0282 0.0469 0.0352 0.023 0.0227 0.0324 0.049 0.0444 0.037 0.0322 0.0159 0.0286 0.0246 0.0214 0.0235 0.0448
200710 0.015904372 0.0322 0.0086 0.0167 0.0399 0.0217 -0.0024 0.0223 0.004 0.0607 0.0145 0.0155 0.0318 0.0003 -0.0045 0.0017 0.0375 0.0077 -0.0011
200711 -0.041823826 -0.0376 -0.0533 -0.0497 -0.0393 -0.0357 -0.0647 -0.0386 -0.0588 -0.0497 -0.0261 -0.0339 -0.0384 -0.0779 -0.0544 -0.0432 -0.0353 -0.0521 -0.0681
200712 -0.006920345 -0.0037 -0.0151 0.004 -0.0075 -0.0042 -0.0103 -0.0055 0.0016 -0.0045 -0.0113 0.0047 -0.0186 -0.0206 -0.0025 -0.0248 0.0077 -0.0057 0.0118
200801 -0.059973712 -0.073 -0.0458 -0.0468 -0.0796 -0.0573 -0.0437 -0.0308 -0.0582 -0.1005 -0.0536 -0.0585 -0.0554 -0.0323 -0.0522 -0.0328 -0.0294 -0.0553 -0.0621
200802 -0.032459468 -0.0257 -0.0375 -0.0296 -0.0239 -0.0292 -0.0353 -0.0439 -0.0288 -0.0508 0.008 -0.0296 -0.0285 -0.0372 -0.0338 -0.064 -0.0308 -0.0078 -0.058
200803 -0.004327274 0.0044 -0.0254 -0.0029 0.003 0.0063 -0.0337 -0.0303 0.003 -0.0027 0.0093 0.0074 0.0045 -0.0425 -0.027 -0.0597 -0.0117 -0.0118 0.0246
200804 0.048692069 0.0404 0.0508 0.0554 0.047 0.03 0.0579 0.0539 0.0581 0.0428 0.0517 0.0261 0.0363 0.0568 0.0587 0.0582 0.0513 0.0597 0.0559
200805 0.01295044 0.0243 0.0049 0.0317 0.0346 0.0063 -0.0034 0.0188 0.039 0.0312 0.0383 0.0017 0.0137 -0.0081 0.0001 0.0158 0.0207 0.0419 0.0348
200806 -0.084224282 -0.0739 -0.0959 -0.0902 -0.0708 -0.0809 -0.1051 -0.0982 -0.0841 -0.0802 -0.0606 -0.0809 -0.081 -0.1086 -0.1025 -0.096 -0.0996 -0.0623 -0.1152
200807 -0.008409375 -0.0069 -0.023 0.0407 -0.0023 -0.0124 -0.0265 0.0039 0.0277 -0.0071 0.0037 -0.0184 -0.0034 -0.0097 -0.0495 -0.0405 0.0486 0.0322 0.0153
200808 0.014473165 0.0165 0.012 0.0189 0.0156 0.0159 0.0118 0.0082 0.044 0.0177 0.0131 0.0188 0.0116 0.0138 0.009 0.013 0.0037 0.0457 0.0393
200809 -0.089007117 -0.0966 -0.0955 -0.0502 -0.1084 -0.0815 -0.0729 -0.0729 -0.1019 -0.1055 -0.1119 -0.067 -0.1032 -0.0813 -0.0609 -0.1319 -0.0179 -0.1013 -0.1037
200810 -0.167928427 -0.1546 -0.1731 -0.2215 -0.1687 -0.1526 -0.1666 -0.1945 -0.2022 -0.1613 -0.178 -0.1207 -0.2021 -0.144 -0.1983 -0.1483 -0.2325 -0.1756 -0.2807
200811 -0.071778065 -0.0639 -0.0726 -0.1382 -0.0861 -0.0406 -0.0775 -0.1048 -0.1051 -0.0985 -0.0707 -0.0144 -0.0853 -0.0584 -0.1059 -0.046 -0.1578 -0.0936 -0.144
200812 0.010537356 0.0235 0.0116 0.009 0.0265 0.0166 0.0132 -0.0057 0.0474 0.0142 0.0415 0.0173 0.0152 0.0199 0.0029 0.0036 -0.0152 0.0384 0.0793
200901 -0.084185995 -0.0497 -0.1034 -0.1588 -0.0389 -0.0865 -0.0997 -0.1356 -0.1366 -0.0397 -0.0379 -0.0723 -0.1128 -0.1007 -0.098 -0.0994 -0.1731 -0.1285 -0.1645
200902 -0.106135274 -0.074 -0.1256 -0.1552 -0.0694 -0.1003 -0.1298 -0.134 -0.1441 -0.0495 -0.0931 -0.0839 -0.132 -0.1327 -0.1252 -0.1085 -0.1626 -0.1473 -0.1328
200903 0.087439633 0.082 0.0949 0.1106 0.0971 0.0642 0.112 0.0895 0.0919 0.0981 0.0958 0.0501 0.0932 0.1172 0.1039 0.0612 0.1234 0.0808 0.1301
200904 0.095625854 0.0786 0.1175 0.1655 0.0885 0.0822 0.1227 0.1191 0.1801 0.0992 0.0758 0.0567 0.1336 0.0996 0.1594 0.0864 0.1561 0.1297 0.3664
200905 0.055865538 0.0422 0.0603 0.0572 0.0467 0.049 0.06 0.0587 0.0161 0.0417 0.0527 0.0318 0.0811 0.0809 0.0287 0.0343 0.0844 0.019 0.0071
200906 0.001996431 0.0163 -0.0159 0.0053 0.0195 -0.0067 -0.0076 -0.0095 0.0265 0.0319 0.0048 0.0087 -0.0342 -0.0042 -0.013 -0.011 -0.0079 0.0286 0.0202
200907 0.075538441 0.0684 0.087 0.0972 0.0629 0.0887 0.0807 0.1032 0.0987 0.0562 0.0719 0.0921 0.0849 0.0823 0.0773 0.1097 0.0955 0.0964 0.1062
200908 0.036053388 0.0183 0.0381 0.0894 0.0136 0.0388 0.0281 0.0536 0.1319 0.0122 0.0155 0.0379 0.0399 0.0217 0.0418 0.0655 0.0394 0.1311 0.1346
200909 0.037289099 0.0379 0.0421 0.0582 0.0391 0.0375 0.0439 0.0492 0.053 0.0402 0.0377 0.0333 0.0423 0.0489 0.0332 0.0363 0.0649 0.0424 0.0879
200910 -0.018552995 -0.0089 -0.031 -0.0719 -0.0064 -0.0189 -0.0329 -0.048 -0.087 -0.0073 -0.0053 -0.0186 -0.0193 -0.0399 -0.0179 -0.0439 -0.0528 -0.0813 -0.1048
200911 0.059966801 0.0642 0.0456 0.0444 0.0655 0.0525 0.0415 0.0489 0.0498 0.0694 0.0601 0.0588 0.0456 0.0485 0.0267 0.0579 0.0377 0.049 0.0522
200912 0.0193067 0.0222 0.033 0.0427 0.0184 0.0328 0.0352 0.0438 0.0334 0.0255 0.0084 0.0375 0.0276 0.0321 0.0419 0.0352 0.0547 0.0142 0.0952
201001 -0.035918752 -0.0399 -0.025 -0.0344 -0.0377 -0.0406 -0.0174 -0.0439 -0.02 -0.0356 -0.0407 -0.049 -0.0311 -0.01 -0.0332 -0.0373 -0.0523 -0.0159 -0.032
201002 0.03093205 0.0316 0.0324 0.0525 0.0279 0.0387 0.0267 0.0467 0.0636 0.0282 0.0274 0.0469 0.0296 0.023 0.0344 0.0534 0.0382 0.0564 0.0853
201003 0.060321959 0.0549 0.0674 0.0804 0.0555 0.0617 0.0628 0.0721 0.0876 0.0577 0.0524 0.0524 0.0722 0.0619 0.0648 0.073 0.071 0.0761 0.1211
201004 0.015791454 0.0112 0.0261 0.0387 0.0098 0.0246 0.0257 0.0228 0.0442 0.0133 0.0047 0.0168 0.0332 0.0179 0.0421 0.0161 0.0314 0.0303 0.083
201005 -0.079768094 -0.074 -0.0821 -0.0866 -0.0726 -0.0781 -0.0834 -0.0787 -0.1006 -0.0741 -0.0703 -0.0798 -0.0762 -0.0845 -0.081 -0.0875 -0.0676 -0.105 -0.0888
201006 -0.052277838 -0.0477 -0.0546 -0.0896 -0.0414 -0.0709 -0.0402 -0.0682 -0.1103 -0.0376 -0.0471 -0.0725 -0.0691 -0.0286 -0.0641 -0.0732 -0.0623 -0.0993 -0.1391
201007 0.070031338 0.0685 0.0746 0.0626 0.072 0.0567 0.0819 0.0731 0.0632 0.0727 0.0712 0.058 0.0546 0.0792 0.0839 0.0799 0.0617 0.0727 0.0549
201008 -0.045059913 -0.0422 -0.0483 -0.0601 -0.0401 -0.0501 -0.0501 -0.0392 -0.0784 -0.0421 -0.0374 -0.0488 -0.0523 -0.0521 -0.0487 -0.0428 -0.0332 -0.055 -0.0992
201009 0.089206446 0.1027 0.0916 0.0776 0.1074 0.0935 0.0889 0.0837 0.0777 0.1121 0.1013 0.0884 0.1018 0.0935 0.0855 0.0875 0.0773 0.0762 0.0792
201010 0.038036278 0.0472 0.0346 0.0155 0.0471 0.0452 0.0412 0.0187 0.0152 0.0575 0.0333 0.0473 0.0419 0.0455 0.038 0.0203 0.016 0.0351 -0.0032
201011 0.000158883 0.0075 0.0076 -0.0035 0.002 0.0248 0.0025 0.003 -0.0098 0.0035 0 0.0248 0.0247 0.0112 -0.0041 0.0016 0.0052 -0.0038 -0.0155
201012 0.066815467 0.0504 0.0813 0.0951 0.0486 0.0633 0.0782 0.0829 0.1127 0.053 0.0425 0.0558 0.0754 0.0691 0.0853 0.0901 0.071 0.0766 0.1477
201101 0.023691995 0.0175 0.0254 0.0218 0.012 0.0321 0.0245 0.024 0.0207 0.0125 0.0112 0.0345 0.0283 0.0109 0.0347 0.0244 0.0234 0.0142 0.0266
201102 0.034244083 0.0269 0.042 0.05 0.0253 0.0379 0.0444 0.0465 0.0375 0.0262 0.0239 0.0317 0.0478 0.0312 0.0542 0.0341 0.0677 0.0433 0.0323
201103 0.000385015 0.0026 0.0147 -0.0093 0.0054 0.0025 0.0168 0.0051 -0.0124 0.0085 0.001 -0.0056 0.0153 0.0146 0.0184 0.0113 -0.0051 0.0022 -0.0254
201104 0.029588258 0.0378 0.0227 0.0159 0.0369 0.0361 0.0201 0.0196 0.0151 0.0295 0.0473 0.0405 0.0294 0.0384 0.0072 0.0211 0.017 0.0254 0.0056
201105 -0.011331686 -0.0056 -0.0173 -0.0271 -0.0019 -0.0203 -0.0176 -0.019 -0.0218 0.0001 -0.0046 -0.0165 -0.0262 -0.0165 -0.0183 -0.0098 -0.0345 -0.0047 -0.0378
201106 -0.016712756 -0.0148 -0.0196 -0.0175 -0.0119 -0.0237 -0.019 -0.0157 -0.0197 -0.0093 -0.0156 -0.0233 -0.0244 -0.0203 -0.0181 -0.0165 -0.0144 -0.0097 -0.0294
201107 -0.020304549 -0.0101 -0.0303 -0.0387 -0.0093 -0.0225 -0.0247 -0.0335 -0.0445 0.0138 -0.0371 -0.0126 -0.0368 -0.0254 -0.024 -0.0374 -0.0309 -0.0309 -0.0629
201108 -0.054393785 -0.0455 -0.0731 -0.0705 -0.0468 -0.0481 -0.0858 -0.0543 -0.0843 -0.0455 -0.0485 -0.0417 -0.0576 -0.0883 -0.0829 -0.0576 -0.0521 -0.074 -0.0987
201109 -0.070240137 -0.0673 -0.0804 -0.0866 -0.0673 -0.0669 -0.087 -0.0704 -0.1046 -0.0545 -0.0835 -0.0673 -0.0664 -0.0692 -0.1074 -0.081 -0.0633 -0.1027 -0.1074
201110 0.109197292 0.1056 0.1284 0.1109 0.1015 0.121 0.1343 0.1027 0.1242 0.0941 0.1112 0.1176 0.1261 0.117 0.1551 0.1153 0.0943 0.1302 0.1155
201111 -0.002245272 -0.0026 0.0079 -0.0172 -0.0053 0.005 0.0078 0.0057 -0.0314 -0.0094 0 0.0053 0.0046 0.0202 -0.0065 0.0126 0.0011 -0.0231 -0.0434
201112 0.01020562 -0.0029 0.0191 0.015 -0.0075 0.0064 0.0228 0.0284 0.0066 -0.0091 -0.0053 0.01 0.0012 0.0218 0.024 0.0329 0.0253 0.0089 0.003
201201 0.044798823 0.062 0.0389 0.0402 0.0723 0.0375 0.0381 0.0215 0.0632 0.0835 0.058 0.0336 0.0432 0.0349 0.0419 0.0352 0.0121 0.0581 0.071
201202 0.04320982 0.0451 0.0375 0.0506 0.0505 0.0339 0.0358 0.0435 0.0532 0.0677 0.028 0.0296 0.0402 0.0278 0.0452 0.0384 0.0472 0.0421 0.0697
201203 0.032883985 0.0389 0.016 0.0352 0.0401 0.0242 0.011 0.0269 0.049 0.05 0.0268 0.0353 0.0079 0.0102 0.0118 0.0403 0.0176 0.0408 0.061
201204 -0.006282704 -0.006 -0.008 -0.0121 -0.0031 -0.0103 -0.0098 0.0011 -0.0273 -0.0016 -0.0051 -0.0147 -0.0038 -0.0069 -0.0132 -0.0087 0.0081 -0.0175 -0.0414
201205 -0.060041777 -0.0594 -0.0617 -0.0646 -0.0639 -0.0534 -0.0654 -0.0427 -0.0844 -0.0631 -0.0651 -0.0458 -0.065 -0.0642 -0.0668 -0.0475 -0.0392 -0.0931 -0.0716
201206 0.041150702 0.0317 0.0427 0.0514 0.0273 0.0371 0.0518 0.043 0.0565 0.0287 0.0253 0.0444 0.0258 0.0549 0.0482 0.0398 0.0451 0.0554 0.0581
201207 0.013869883 0.0104 0.0104 -0.004 0.0095 0.0068 0.0152 0.007 -0.006 0.0044 0.0148 0.015 -0.0013 0.0159 0.0143 0.0141 -0.0008 0.0037 -0.0161
201208 0.022516167 0.0273 0.0189 0.0358 0.028 0.0293 0.0159 0.0091 0.0504 0.0289 0.0271 0.0241 0.0345 0.0226 0.0074 0.0056 0.013 0.0309 0.071
201209 0.025829316 0.0178 0.0332 0.0416 0.0177 0.0262 0.0354 0.0296 0.0467 0.022 0.0131 0.0181 0.0343 0.0298 0.0424 0.026 0.0336 0.041 0.0524
201210 -0.018431027 -0.0294 -0.0149 0.0171 -0.0335 -0.0085 -0.0165 -0.0142 0.0305 -0.0458 -0.0204 -0.0107 -0.0063 -0.0142 -0.0193 -0.0228 -0.0049 0.0186 0.0424
201211 0.005743003 0.0155 0.0008 -0.0071 0.0158 0.0068 0.005 -0.0045 -0.0115 0.0161 0.0156 0.0138 -0.0002 0.0052 0.0047 -0.009 0.0004 -0.0065 -0.0164
201212 0.009107599 -0.0001 0.0138 0.0461 -0.0027 0.0085 0.016 0.0241 0.057 -0.0147 0.0098 0.0119 0.0051 0.0192 0.012 0.0204 0.0279 0.0379 0.0759
201301 0.051773607 0.0469 0.0574 0.0727 0.0429 0.0558 0.0665 0.0581 0.0751 0.0245 0.0617 0.0648 0.0469 0.0685 0.064 0.048 0.0687 0.0762 0.074
201302 0.013572435 0.0119 0.0152 0.0145 0.012 0.0081 0.0178 0.0233 0.0094 0.0074 0.0164 0.0118 0.0043 0.0099 0.0278 0.0234 0.0233 0.0194 -0.0002
201303 0.037487786 0.0379 0.0416 0.0415 0.0388 0.0357 0.0398 0.0479 0.0403 0.038 0.0396 0.0339 0.0376 0.0354 0.0453 0.0522 0.0435 0.0322 0.0481
201304 0.019244961 0.0169 0.0128 0.018 0.0181 0.0079 0.0158 0.0143 0.0216 0.0114 0.0247 0.0115 0.0043 0.0173 0.0139 0.0167 0.0119 0.0203 0.0228
201305 0.023398662 0.0226 0.0229 0.0521 0.0218 0.0341 0.0173 0.0232 0.0619 0.016 0.0273 0.0262 0.0423 0.022 0.0115 0.0116 0.0351 0.035 0.0875
201306 -0.013419675 -0.0192 -0.0011 -0.0166 -0.0204 -0.0091 -0.0023 -0.0034 -0.0185 -0.0279 -0.0133 -0.014 -0.0042 -0.0039 -0.0003 0.0063 -0.0132 -0.01 -0.0262
201307 0.05085975 0.0564 0.051 0.0657 0.0556 0.0574 0.0492 0.0552 0.067 0.0627 0.0501 0.0586 0.0555 0.0494 0.0489 0.05 0.0632 0.0566 0.0788
201308 -0.028906764 -0.0167 -0.0322 -0.0418 -0.0102 -0.0306 -0.0327 -0.0379 -0.0434 -0.0208 -0.0018 -0.0339 -0.0257 -0.0341 -0.03 -0.0373 -0.0389 -0.0509 -0.035
201309 0.031361874 0.0433 0.0329 0.028 0.0467 0.0354 0.0315 0.0308 0.0271 0.0578 0.038 0.0342 0.0371 0.0344 0.0259 0.0316 0.0296 0.0318 0.0221
201310 0.045917754 0.043 0.04 0.0428 0.0404 0.0396 0.0485 0.0444 0.0382 0.031 0.0478 0.0501 0.0243 0.0468 0.0518 0.0399 0.0515 0.0403 0.0359
201311 0.030439956 0.0331 0.0262 0.0367 0.034 0.0277 0.0306 0.0198 0.0469 0.0341 0.0339 0.0309 0.0229 0.0281 0.0353 0.0214 0.0174 0.032 0.0631
201312 0.025278961 0.0238 0.0337 0.019 0.0246 0.0282 0.0361 0.0233 0.0187 0.0237 0.0253 0.0217 0.0379 0.0382 0.0321 0.0257 0.0195 0.0256 0.0114
201401 -0.034550629 -0.031 -0.0364 -0.0371 -0.0328 -0.0254 -0.0432 -0.0406 -0.031 -0.0232 -0.0403 -0.026 -0.0246 -0.0479 -0.0341 -0.0353 -0.0489 -0.0316 -0.0305
201402 0.045669503 0.0493 0.0469 0.0352 0.0518 0.0503 0.049 0.033 0.0329 0.0565 0.0481 0.0425 0.0621 0.054 0.0395 0.0288 0.0398 0.0353 0.0303
201403 0.008401409 -0.0107 0.0139 0.0374 -0.0145 0.0029 0.0091 0.0353 0.0332 -0.0358 0.0026 -0.0002 0.0074 0.0111 0.0054 0.0288 0.0455 0.0398 0.0261
201404 0.007376865 -0.0013 0.0052 -0.0065 -0.0017 -0.0014 0.0022 0.0144 -0.0141 -0.0145 0.0082 -0.0003 -0.003 0.0089 -0.0107 0.0185 0.0082 -0.0116 -0.0168
201405 0.023423658 0.0236 0.0192 0.0119 0.0272 0.0199 0.0186 0.0137 0.0094 0.024 0.0295 0.0141 0.0284 0.0112 0.0329 0.0118 0.0167 0.0118 0.0068
201406 0.020642867 0.0204 0.0262 0.0349 0.0203 0.0209 0.0246 0.0323 0.0377 0.0221 0.0189 0.0208 0.021 0.0266 0.0209 0.034 0.0297 0.0412 0.0339
201407 -0.013767772 -0.0191 -0.0168 -0.0252 -0.0202 -0.0199 -0.012 -0.0228 -0.0245 -0.0068 -0.0347 -0.0176 -0.0256 -0.0178 -0.0084 -0.0195 -0.0264 -0.0237 -0.0257
201408 0.039949862 0.0487 0.0354 0.0389 0.0501 0.0463 0.0339 0.0261 0.048 0.0609 0.0382 0.0467 0.0452 0.0406 0.0297 0.0294 0.0224 0.0454 0.0517
201409 -0.014006399 -0.012 -0.025 -0.0268 -0.0115 -0.0146 -0.0273 -0.0343 -0.0172 -0.0151 -0.0075 -0.0127 -0.0194 -0.0218 -0.0308 -0.025 -0.0447 -0.0193 -0.0143
201410 0.024374712 0.03 0.0225 0.0142 0.0312 0.0264 0.0237 0.0123 0.0205 0.0274 0.0354 0.0285 0.0212 0.0261 0.0222 0.0211 0.0022 0.0151 0.0282
201411 0.026866034 0.0361 0.0269 -0.0027 0.0358 0.0355 0.0288 0.0024 0.0034 0.0254 0.0473 0.0366 0.0326 0.0256 0.0309 0.0169 -0.0145 0.0086 -0.004
201412 -0.002519395 -0.0109 0.0036 0.0161 -0.0091 -0.0069 0.0028 0.0023 0.0211 -0.0091 -0.009 -0.0135 0.0103 0.0001 0.0045 -0.001 0.0063 0.0214 0.0206
201501 -0.030002428 -0.0154 -0.0385 -0.0555 -0.0099 -0.0269 -0.0364 -0.0482 -0.0575 0.0007 -0.0212 -0.0232 -0.0364 -0.029 -0.0411 -0.0453 -0.0516 -0.0497 -0.0685
201502 0.057435376 0.0645 0.0638 0.0492 0.0646 0.0628 0.0652 0.0617 0.0454 0.0673 0.0617 0.0643 0.0588 0.0658 0.0648 0.0659 0.0567 0.052 0.0359
201503 -0.015808506 -0.0108 -0.012 -0.0146 -0.0101 -0.0109 -0.0137 -0.0133 -0.014 -0.0067 -0.0139 -0.0118 -0.0087 -0.0129 -0.0142 -0.0113 -0.0158 -0.0124 -0.0163
201504 0.009591419 0.0004 0.0078 0.0182 -0.0036 0.0043 0.0062 0.0231 0.014 0.0024 -0.0105 0.0062 -0.0007 -0.0025 0.0117 0.0202 0.0266 0.0116 0.0175
201505 0.012858725 0.0156 0.0156 0.0028 0.0177 0.0142 0.015 0.0011 0.0116 0.0222 0.0126 0.0125 0.0184 0.0144 0.0154 0.0142 -0.0148 0.0157 0.0055
201506 -0.019330546 -0.0142 -0.0178 -0.0153 -0.0038 -0.0244 -0.0201 -0.0191 -0.0122 0.007 -0.0165 -0.0289 -0.013 -0.015 -0.0233 -0.0172 -0.0216 -0.0159 -0.0067
201507 0.020943139 0.0303 0.0073 -0.0078 0.0298 0.0263 -0.0008 -0.0076 -0.0043 0.0426 0.0158 0.0313 0.0203 0.0056 -0.0048 0.0008 -0.0115 -0.0001 -0.0096
201508 -0.060241748 -0.0651 -0.0552 -0.0575 -0.0626 -0.0658 -0.0554 -0.0516 -0.0564 -0.0701 -0.0541 -0.0701 -0.0605 -0.0515 -0.0579 -0.0366 -0.0586 -0.0475 -0.0676
201509 -0.024722895 -0.0245 -0.0332 -0.0353 -0.0238 -0.0303 -0.0302 -0.0312 -0.0422 -0.0344 -0.012 -0.0259 -0.0358 -0.0406 -0.0234 -0.0381 -0.0279 -0.0273 -0.0613