001121 01
001380 01
001678 01
001860 01
001864 01
001976 01
002052 01
002991 01
003806 01
004045 01
004351 01
004430 01
004503 01
005379 01
005439 01
005581 01
005667 01
006194 01
006311 01
006788 01
006936 01
007017 01
007034 01
007152 01
007277 01
007309 01
007620 01
007912 01
007959 01
008068 01
008079 01
008092 01
008151 01
008357 01
008493 01
008512 01
008515 01
008549 01
008901 01
009258 01
009346 01
009393 01
009465 01
009835 01
009904 01
010466 01
010565 01
010877 01
010938 01
011372 01
011440 01
011506 01
011644 01
011923 01
012256 01
012294 01
012471 01
012833 01
012892 01
013460 01
013526 01
013871 01
014934 01
015060 01
015093 01
015117 01
015212 01
015235 01
015247 01
015291 01
015350 01
015452 01
016225 01
016478 01
017628 01
017933 01
018109 01
018179 01
018235 01
018427 01
018431 01
018465 01
018468 01
018660 01
018774 01
018866 01
019104 01
019171 01
019273 01
019296 01
019350 01
019377 01
019433 01
019770 01
019935 01
020147 01
020168 01
020298 01
020399 01
020513 01
020534 01
020537 01
020539 01
020548 01
020653 01
020747 01
020944 01
021165 01
021237 01
021431 01
021628 01
021652 01
021732 01
021895 01
021899 01
021918 01
022159 01
022671 01
023072 01
023195 01
023256 01
023296 01
023433 01
023537 01
023810 01
023827 01
023864 01
024005 01
024073 01
024810 01
024980 01
025509 01
025874 01
026013 01
026021 01
026069 01
027199 01
027786 01
028296 01
028564 01
028919 01
029108 01
029173 01
029453 01
031214 01
060894 01
061409 01
061971 01
062204 01
062626 01
062686 01
063495 01
063892 01
064063 01
064568 01
065006 01
065009 01
065220 01
065671 01
065896 01
106418 01
108645 01
112876 01
116029 01
119594 01
120093 01
120794 01
122915 01
137024 01
141363 01
141720 01
142230 01
142260 01
142391 01
142460 01
142811 01
146659 01
147208 01
150201 01
150258 01
150277 01
150562 01
150699 01
150837 01
150838 01
151632 01
154357 01
155393 01
160341 01
160592 01
162453 01
162459 01
162894 01
162941 01
163594 01
163595 01
163596 01
163822 01
163921 01
163935 01
163939 01
164109 01
164756 01
165466 01
165637 01
165649 01
165652 01
165798 01
165846 01
166363 01
166436 01
166458 01
166563 01
170297 01
170360 01
170627 01
170639 01
170748 01
170750 01
170781 01
170841 01
170994 01
171059 01
171139 01
174108 01
174135 01
174169 01
174656 01
175006 01
175271 01
175741 01
176282 01
176343 01
176346 01
176659 01
176840 01
176914 01
177739 01
177884 01
177896 01
177945 01
178672 01
178684 01
178798 01
178870 01
179186 01
179782 01
179831 01
180145 01
180635 01
181269 01
181745 01
181989 01
183144 01
183704 01
184035 01
184040 01
184442 01
184569 01
184652 01
184717 01
184742 01
185277 01
185323 01
185532 01
185921 01
186013 01
186061 01
186180 01
186206 01
186336 01
186437 01
186501 01
186715 01
186845 01
186989 01
187128 01
187550 01
187692 01
187698 01
187709 01
187766 01
187810 01
187812 01
187814 01
187961 01
188663 01
190957 01
194755 01
196159 01
264509 01
282189 01
317264 01
003469 02
007882 02
008515 02
014359 02
015240 02
019129 02
022053 02
022447 02
023002 02
112759 02
141462 02
142337 02
178921 02
008210 03
164607 03
006310 04
007422 04
008210 09